areaType,areaName,areaCode,date,newCasesBySpecimenDate,cumCasesBySpecimenDate,newFirstEpisodesBySpecimenDate,cumFirstEpisodesBySpecimenDate,newReinfectionsBySpecimenDate,cumReinfectionsBySpecimenDate
nation,England,E92000001,2023-12-13,583,21024823,294,19384397,289,1640426
nation,England,E92000001,2023-12-12,1040,21024240,600,19384103,440,1640137
nation,England,E92000001,2023-12-11,1183,21023200,703,19383503,480,1639697
nation,England,E92000001,2023-12-10,947,21022017,538,19382800,409,1639217
nation,England,E92000001,2023-12-09,771,21021070,480,19382262,291,1638808
nation,England,E92000001,2023-12-08,882,21020299,532,19381782,350,1638517
nation,England,E92000001,2023-12-07,807,21019417,480,19381250,327,1638167
nation,England,E92000001,2023-12-06,945,21018610,564,19380770,381,1637840
nation,England,E92000001,2023-12-05,933,21017665,571,19380206,362,1637459
nation,England,E92000001,2023-12-04,950,21016732,544,19379635,406,1637097
nation,England,E92000001,2023-12-03,687,21015782,378,19379091,309,1636691
nation,England,E92000001,2023-12-02,519,21015095,325,19378713,194,1636382
nation,England,E92000001,2023-12-01,538,21014576,354,19378388,184,1636188
nation,England,E92000001,2023-11-30,655,21014038,393,19378034,262,1636004
nation,England,E92000001,2023-11-29,727,21013383,443,19377641,284,1635742
nation,England,E92000001,2023-11-28,682,21012656,399,19377198,283,1635458
nation,England,E92000001,2023-11-27,685,21011974,403,19376799,282,1635175
nation,England,E92000001,2023-11-26,506,21011289,307,19376396,199,1634893
nation,England,E92000001,2023-11-25,424,21010783,264,19376089,160,1634694
nation,England,E92000001,2023-11-24,545,21010359,328,19375825,217,1634534
nation,England,E92000001,2023-11-23,562,21009814,332,19375497,230,1634317
nation,England,E92000001,2023-11-22,612,21009252,365,19375165,247,1634087
nation,England,E92000001,2023-11-21,590,21008640,361,19374800,229,1633840
nation,England,E92000001,2023-11-20,695,21008050,394,19374439,301,1633611
nation,England,E92000001,2023-11-19,547,21007355,329,19374045,218,1633310
nation,England,E92000001,2023-11-18,449,21006808,270,19373716,179,1633092
nation,England,E92000001,2023-11-17,510,21006359,316,19373446,194,1632913
nation,England,E92000001,2023-11-16,662,21005849,403,19373130,259,1632719
nation,England,E92000001,2023-11-15,629,21005187,366,19372727,263,1632460
nation,England,E92000001,2023-11-14,760,21004558,460,19372361,300,1632197
nation,England,E92000001,2023-11-13,739,21003798,453,19371901,286,1631897
nation,England,E92000001,2023-11-12,593,21003059,352,19371448,241,1631611
nation,England,E92000001,2023-11-11,291,21002466,207,19371096,84,1631370
nation,England,E92000001,2023-11-10,275,21002175,211,19370889,64,1631286
nation,England,E92000001,2023-11-09,493,21001900,303,19370678,190,1631222
nation,England,E92000001,2023-11-08,693,21001407,425,19370375,268,1631032
nation,England,E92000001,2023-11-07,817,21000714,503,19369950,314,1630764
nation,England,E92000001,2023-11-06,780,20999897,471,19369447,309,1630450
nation,England,E92000001,2023-11-05,683,20999117,396,19368976,287,1630141
nation,England,E92000001,2023-11-04,592,20998434,376,19368580,216,1629854
nation,England,E92000001,2023-11-03,734,20997842,471,19368204,263,1629638
nation,England,E92000001,2023-11-02,809,20997108,507,19367733,302,1629375
nation,England,E92000001,2023-11-01,865,20996299,531,19367226,334,1629073
nation,England,E92000001,2023-10-31,954,20995434,586,19366695,368,1628739
nation,England,E92000001,2023-10-30,1011,20994480,596,19366109,415,1628371
nation,England,E92000001,2023-10-29,847,20993469,526,19365513,321,1627956
nation,England,E92000001,2023-10-28,737,20992622,470,19364987,267,1627635
nation,England,E92000001,2023-10-27,932,20991885,595,19364517,337,1627368
nation,England,E92000001,2023-10-26,1013,20990953,663,19363922,350,1627031
nation,England,E92000001,2023-10-25,1021,20989940,639,19363259,382,1626681
nation,England,E92000001,2023-10-24,1151,20988919,698,19362620,453,1626299
nation,England,E92000001,2023-10-23,1175,20987768,742,19361922,433,1625846
nation,England,E92000001,2023-10-22,988,20986593,621,19361180,367,1625413
nation,England,E92000001,2023-10-21,868,20985605,551,19360559,317,1625046
nation,England,E92000001,2023-10-20,1145,20984737,714,19360008,431,1624729
nation,England,E92000001,2023-10-19,1320,20983592,795,19359294,525,1624298
nation,England,E92000001,2023-10-18,1395,20982272,851,19358499,544,1623773
nation,England,E92000001,2023-10-17,1411,20980877,838,19357648,573,1623229
nation,England,E92000001,2023-10-16,1445,20979466,869,19356810,576,1622656
nation,England,E92000001,2023-10-15,1219,20978021,689,19355941,530,1622080
nation,England,E92000001,2023-10-14,1120,20976802,670,19355252,450,1621550
nation,England,E92000001,2023-10-13,1467,20975682,892,19354582,575,1621100
nation,England,E92000001,2023-10-12,1543,20974215,898,19353690,645,1620525
nation,England,E92000001,2023-10-11,1894,20972672,1072,19352792,822,1619880
nation,England,E92000001,2023-10-10,2027,20970778,1190,19351720,837,1619058
nation,England,E92000001,2023-10-09,2234,20968751,1290,19350530,944,1618221
nation,England,E92000001,2023-10-08,2068,20966517,1179,19349240,889,1617277
nation,England,E92000001,2023-10-07,1666,20964449,973,19348061,693,1616388
nation,England,E92000001,2023-10-06,2116,20962783,1281,19347088,835,1615695
nation,England,E92000001,2023-10-05,2254,20960667,1286,19345807,968,1614860
nation,England,E92000001,2023-10-04,2447,20958413,1352,19344521,1095,1613892
nation,England,E92000001,2023-10-03,2658,20955966,1424,19343169,1234,1612797
nation,England,E92000001,2023-10-02,2645,20953308,1445,19341745,1200,1611563
nation,England,E92000001,2023-10-01,2360,20950663,1223,19340300,1137,1610363
nation,England,E92000001,2023-09-30,1928,20948303,1029,19339077,899,1609226
nation,England,E92000001,2023-09-29,2125,20946375,1260,19338048,865,1608327
nation,England,E92000001,2023-09-28,2318,20944250,1284,19336788,1034,1607462
nation,England,E92000001,2023-09-27,2667,20941932,1461,19335504,1206,1606428
nation,England,E92000001,2023-09-26,2698,20939265,1441,19334043,1257,1605222
nation,England,E92000001,2023-09-25,2561,20936567,1382,19332602,1179,1603965
nation,England,E92000001,2023-09-24,2007,20934006,1035,19331220,972,1602786
nation,England,E92000001,2023-09-23,1555,20931999,857,19330185,698,1601814
nation,England,E92000001,2023-09-22,1680,20930444,950,19329328,730,1601116
nation,England,E92000001,2023-09-21,1825,20928764,992,19328378,833,1600386
nation,England,E92000001,2023-09-20,1893,20926939,1030,19327386,863,1599553
nation,England,E92000001,2023-09-19,1950,20925046,1045,19326356,905,1598690
nation,England,E92000001,2023-09-18,1929,20923096,1049,19325311,880,1597785
nation,England,E92000001,2023-09-17,1605,20921167,827,19324262,778,1596905
nation,England,E92000001,2023-09-16,1318,20919562,731,19323435,587,1596127
nation,England,E92000001,2023-09-15,1341,20918244,788,19322704,553,1595540
nation,England,E92000001,2023-09-14,1532,20916903,832,19321916,700,1594987
nation,England,E92000001,2023-09-13,1522,20915371,877,19321084,645,1594287
nation,England,E92000001,2023-09-12,1675,20913849,994,19320207,681,1593642
nation,England,E92000001,2023-09-11,1824,20912174,1078,19319213,746,1592961
nation,England,E92000001,2023-09-10,1580,20910350,881,19318135,699,1592215
nation,England,E92000001,2023-09-09,1334,20908770,796,19317254,538,1591516
nation,England,E92000001,2023-09-08,1548,20907436,957,19316458,591,1590978
nation,England,E92000001,2023-09-07,1708,20905888,941,19315501,767,1590387
nation,England,E92000001,2023-09-06,1860,20904180,1060,19314560,800,1589620
nation,England,E92000001,2023-09-05,1891,20902320,1067,19313500,824,1588820
nation,England,E92000001,2023-09-04,1969,20900429,1153,19312433,816,1587996
nation,England,E92000001,2023-09-03,1637,20898460,883,19311280,754,1587180
nation,England,E92000001,2023-09-02,1327,20896823,752,19310397,575,1586426
nation,England,E92000001,2023-09-01,1512,20895496,860,19309645,652,1585851
nation,England,E92000001,2023-08-31,1446,20893984,811,19308785,635,1585199
nation,England,E92000001,2023-08-30,1488,20892538,813,19307974,675,1584564
nation,England,E92000001,2023-08-29,1368,20891050,794,19307161,574,1583889
nation,England,E92000001,2023-08-28,1089,20889682,616,19306367,473,1583315
nation,England,E92000001,2023-08-27,901,20888593,532,19305751,369,1582842
nation,England,E92000001,2023-08-26,856,20887692,495,19305219,361,1582473
nation,England,E92000001,2023-08-25,988,20886836,603,19304724,385,1582112
nation,England,E92000001,2023-08-24,1098,20885848,654,19304121,444,1581727
nation,England,E92000001,2023-08-23,1096,20884750,647,19303467,449,1581283
nation,England,E92000001,2023-08-22,1177,20883654,699,19302820,478,1580834
nation,England,E92000001,2023-08-21,1182,20882477,675,19302121,507,1580356
nation,England,E92000001,2023-08-20,963,20881295,531,19301446,432,1579849
nation,England,E92000001,2023-08-19,848,20880332,523,19300915,325,1579417
nation,England,E92000001,2023-08-18,991,20879484,634,19300392,357,1579092
nation,England,E92000001,2023-08-17,1047,20878493,612,19299758,435,1578735
nation,England,E92000001,2023-08-16,1070,20877446,638,19299146,432,1578300
nation,England,E92000001,2023-08-15,1092,20876376,633,19298508,459,1577868
nation,England,E92000001,2023-08-14,1098,20875284,638,19297875,460,1577409
nation,England,E92000001,2023-08-13,976,20874186,581,19297237,395,1576949
nation,England,E92000001,2023-08-12,853,20873210,491,19296656,362,1576554
nation,England,E92000001,2023-08-11,919,20872357,563,19296165,356,1576192
nation,England,E92000001,2023-08-10,990,20871438,597,19295602,393,1575836
nation,England,E92000001,2023-08-09,1034,20870448,610,19295005,424,1575443
nation,England,E92000001,2023-08-08,1088,20869414,618,19294395,470,1575019
nation,England,E92000001,2023-08-07,1021,20868326,550,19293777,471,1574549
nation,England,E92000001,2023-08-06,827,20867305,470,19293227,357,1574078
nation,England,E92000001,2023-08-05,681,20866478,388,19292757,293,1573721
nation,England,E92000001,2023-08-04,771,20865797,470,19292369,301,1573428
nation,England,E92000001,2023-08-03,807,20865026,484,19291899,323,1573127
nation,England,E92000001,2023-08-02,824,20864219,484,19291415,340,1572804
nation,England,E92000001,2023-08-01,846,20863395,505,19290931,341,1572464
nation,England,E92000001,2023-07-31,847,20862549,505,19290426,342,1572123
nation,England,E92000001,2023-07-30,752,20861702,433,19289921,319,1571781
nation,England,E92000001,2023-07-29,629,20860950,365,19289488,264,1571462
nation,England,E92000001,2023-07-28,625,20860321,395,19289123,230,1571198
nation,England,E92000001,2023-07-27,629,20859696,375,19288728,254,1570968
nation,England,E92000001,2023-07-26,622,20859067,377,19288353,245,1570714
nation,England,E92000001,2023-07-25,647,20858445,359,19287976,288,1570469
nation,England,E92000001,2023-07-24,630,20857798,349,19287617,281,1570181
nation,England,E92000001,2023-07-23,495,20857168,305,19287268,190,1569900
nation,England,E92000001,2023-07-22,412,20856673,246,19286963,166,1569710
nation,England,E92000001,2023-07-21,444,20856261,272,19286717,172,1569544
nation,England,E92000001,2023-07-20,497,20855817,288,19286445,209,1569372
nation,England,E92000001,2023-07-19,468,20855320,269,19286157,199,1569163
nation,England,E92000001,2023-07-18,517,20854852,280,19285888,237,1568964
nation,England,E92000001,2023-07-17,491,20854335,267,19285608,224,1568727
nation,England,E92000001,2023-07-16,384,20853844,229,19285341,155,1568503
nation,England,E92000001,2023-07-15,338,20853460,192,19285112,146,1568348
nation,England,E92000001,2023-07-14,340,20853122,208,19284920,132,1568202
nation,England,E92000001,2023-07-13,417,20852782,231,19284712,186,1568070
nation,England,E92000001,2023-07-12,418,20852365,241,19284481,177,1567884
nation,England,E92000001,2023-07-11,450,20851947,273,19284240,177,1567707
nation,England,E92000001,2023-07-10,457,20851497,255,19283967,202,1567530
nation,England,E92000001,2023-07-09,391,20851040,222,19283712,169,1567328
nation,England,E92000001,2023-07-08,308,20850649,184,19283490,124,1567159
nation,England,E92000001,2023-07-07,350,20850341,233,19283306,117,1567035
nation,England,E92000001,2023-07-06,316,20849991,187,19283073,129,1566918
nation,England,E92000001,2023-07-05,344,20849675,182,19282886,162,1566789
nation,England,E92000001,2023-07-04,309,20849331,183,19282704,126,1566627
nation,England,E92000001,2023-07-03,346,20849022,194,19282521,152,1566501
nation,England,E92000001,2023-07-02,264,20848676,142,19282327,122,1566349
nation,England,E92000001,2023-07-01,209,20848412,126,19282185,83,1566227
nation,England,E92000001,2023-06-30,236,20848203,149,19282059,87,1566144
nation,England,E92000001,2023-06-29,253,20847967,148,19281910,105,1566057
nation,England,E92000001,2023-06-28,298,20847714,168,19281762,130,1565952
nation,England,E92000001,2023-06-27,295,20847416,172,19281594,123,1565822
nation,England,E92000001,2023-06-26,306,20847121,172,19281422,134,1565699
nation,England,E92000001,2023-06-25,303,20846815,184,19281250,119,1565565
nation,England,E92000001,2023-06-24,259,20846512,155,19281066,104,1565446
nation,England,E92000001,2023-06-23,289,20846253,199,19280911,90,1565342
nation,England,E92000001,2023-06-22,346,20845964,221,19280712,125,1565252
nation,England,E92000001,2023-06-21,371,20845618,243,19280491,128,1565127
nation,England,E92000001,2023-06-20,396,20845247,242,19280248,154,1564999
nation,England,E92000001,2023-06-19,421,20844851,257,19280006,164,1564845
nation,England,E92000001,2023-06-18,350,20844430,216,19279749,134,1564681
nation,England,E92000001,2023-06-17,333,20844080,197,19279533,136,1564547
nation,England,E92000001,2023-06-16,340,20843747,225,19279336,115,1564411
nation,England,E92000001,2023-06-15,385,20843407,245,19279111,140,1564296
nation,England,E92000001,2023-06-14,463,20843022,304,19278866,159,1564156
nation,England,E92000001,2023-06-13,509,20842559,322,19278562,187,1563997
nation,England,E92000001,2023-06-12,585,20842050,373,19278240,212,1563810
nation,England,E92000001,2023-06-11,517,20841465,311,19277867,206,1563598
nation,England,E92000001,2023-06-10,382,20840948,241,19277556,141,1563392
nation,England,E92000001,2023-06-09,469,20840566,306,19277315,163,1563251
nation,England,E92000001,2023-06-08,578,20840097,358,19277009,220,1563088
nation,England,E92000001,2023-06-07,682,20839519,442,19276651,240,1562868
nation,England,E92000001,2023-06-06,757,20838837,469,19276209,288,1562628
nation,England,E92000001,2023-06-05,806,20838080,491,19275740,315,1562340
nation,England,E92000001,2023-06-04,615,20837274,375,19275249,240,1562025
nation,England,E92000001,2023-06-03,472,20836659,287,19274874,185,1561785
nation,England,E92000001,2023-06-02,578,20836187,388,19274587,190,1561600
nation,England,E92000001,2023-06-01,674,20835609,427,19274199,247,1561410
nation,England,E92000001,2023-05-31,813,20834935,550,19273772,263,1561163
nation,England,E92000001,2023-05-30,780,20834122,469,19273222,311,1560900
nation,England,E92000001,2023-05-29,746,20833342,488,19272753,258,1560589
nation,England,E92000001,2023-05-28,596,20832596,383,19272265,213,1560331
nation,England,E92000001,2023-05-27,567,20832000,351,19271882,216,1560118
nation,England,E92000001,2023-05-26,708,20831433,457,19271531,251,1559902
nation,England,E92000001,2023-05-25,821,20830725,559,19271074,262,1559651
nation,England,E92000001,2023-05-24,922,20829904,551,19270515,371,1559389
nation,England,E92000001,2023-05-23,1041,20828982,633,19269964,408,1559018
nation,England,E92000001,2023-05-22,1095,20827941,709,19269331,386,1558610
nation,England,E92000001,2023-05-21,881,20826846,536,19268622,345,1558224
nation,England,E92000001,2023-05-20,717,20825965,462,19268086,255,1557879
nation,England,E92000001,2023-05-19,881,20825248,574,19267624,307,1557624
nation,England,E92000001,2023-05-18,974,20824367,639,19267050,335,1557317
nation,England,E92000001,2023-05-17,991,20823393,609,19266411,382,1556982
nation,England,E92000001,2023-05-16,1069,20822402,677,19265802,392,1556600
nation,England,E92000001,2023-05-15,1139,20821333,699,19265125,440,1556208
nation,England,E92000001,2023-05-14,1030,20820194,625,19264426,405,1555768
nation,England,E92000001,2023-05-13,782,20819164,511,19263801,271,1555363
nation,England,E92000001,2023-05-12,948,20818382,626,19263290,322,1555092
nation,England,E92000001,2023-05-11,1196,20817434,772,19262664,424,1554770
nation,England,E92000001,2023-05-10,1267,20816238,773,19261892,494,1554346
nation,England,E92000001,2023-05-09,1447,20814971,899,19261119,548,1553852
nation,England,E92000001,2023-05-08,1328,20813524,832,19260220,496,1553304
nation,England,E92000001,2023-05-07,1109,20812196,681,19259388,428,1552808
nation,England,E92000001,2023-05-06,934,20811087,598,19258707,336,1552380
nation,England,E92000001,2023-05-05,1198,20810153,799,19258109,399,1552044
nation,England,E92000001,2023-05-04,1479,20808955,909,19257310,570,1551645
nation,England,E92000001,2023-05-03,1526,20807476,938,19256401,588,1551075
nation,England,E92000001,2023-05-02,1777,20805950,1112,19255463,665,1550487
nation,England,E92000001,2023-05-01,1651,20804173,1013,19254351,638,1549822
nation,England,E92000001,2023-04-30,1240,20802522,819,19253338,421,1549184
nation,England,E92000001,2023-04-29,1211,20801282,760,19252519,451,1548763
nation,England,E92000001,2023-04-28,1369,20800071,912,19251759,457,1548312
nation,England,E92000001,2023-04-27,1514,20798702,975,19250847,539,1547855
nation,England,E92000001,2023-04-26,1569,20797188,972,19249872,597,1547316
nation,England,E92000001,2023-04-25,1604,20795619,982,19248900,622,1546719
nation,England,E92000001,2023-04-24,1706,20794015,1031,19247918,675,1546097
nation,England,E92000001,2023-04-23,1432,20792309,865,19246887,567,1545422
nation,England,E92000001,2023-04-22,1191,20790877,769,19246022,422,1544855
nation,England,E92000001,2023-04-21,1343,20789686,878,19245253,465,1544433
nation,England,E92000001,2023-04-20,1488,20788343,982,19244375,506,1543968
nation,England,E92000001,2023-04-19,1704,20786855,1086,19243393,618,1543462
nation,England,E92000001,2023-04-18,1803,20785151,1144,19242307,659,1542844
nation,England,E92000001,2023-04-17,2059,20783348,1312,19241163,747,1542185
nation,England,E92000001,2023-04-16,1788,20781289,1123,19239851,665,1541438
nation,England,E92000001,2023-04-15,1271,20779501,791,19238728,480,1540773
nation,England,E92000001,2023-04-14,1553,20778230,1002,19237937,551,1540293
nation,England,E92000001,2023-04-13,1880,20776677,1228,19236935,652,1539742
nation,England,E92000001,2023-04-12,2055,20774797,1327,19235707,728,1539090
nation,England,E92000001,2023-04-11,2281,20772742,1476,19234380,805,1538362
nation,England,E92000001,2023-04-10,2133,20770461,1340,19232904,793,1537557
nation,England,E92000001,2023-04-09,1643,20768328,1098,19231564,545,1536764
nation,England,E92000001,2023-04-08,1531,20766685,1009,19230466,522,1536219
nation,England,E92000001,2023-04-07,1599,20765154,1058,19229457,541,1535697
nation,England,E92000001,2023-04-06,1966,20763555,1292,19228399,674,1535156
nation,England,E92000001,2023-04-05,2237,20761589,1422,19227107,815,1534482
nation,England,E92000001,2023-04-04,2185,20759352,1436,19225685,749,1533667
nation,England,E92000001,2023-04-03,2457,20757167,1562,19224249,895,1532918
nation,England,E92000001,2023-04-02,2249,20754710,1417,19222687,832,1532023
nation,England,E92000001,2023-04-01,2083,20752461,1340,19221270,743,1531191
nation,England,E92000001,2023-03-31,2509,20750378,1600,19219930,909,1530448
nation,England,E92000001,2023-03-30,3050,20747869,1941,19218330,1109,1529539
nation,England,E92000001,2023-03-29,3438,20744819,2116,19216389,1322,1528430
nation,England,E92000001,2023-03-28,3597,20741381,2220,19214273,1377,1527108
nation,England,E92000001,2023-03-27,3924,20737784,2351,19212053,1573,1525731
nation,England,E92000001,2023-03-26,3156,20733860,1883,19209702,1273,1524158
nation,England,E92000001,2023-03-25,2748,20730704,1712,19207819,1036,1522885
nation,England,E92000001,2023-03-24,3744,20727956,2313,19206107,1431,1521849
nation,England,E92000001,2023-03-23,3969,20724212,2375,19203794,1594,1520418
nation,England,E92000001,2023-03-22,4323,20720243,2616,19201419,1707,1518824
nation,England,E92000001,2023-03-21,4747,20715920,2880,19198803,1867,1517117
nation,England,E92000001,2023-03-20,4730,20711173,2792,19195923,1938,1515250
nation,England,E92000001,2023-03-19,3683,20706443,2178,19193131,1505,1513312
nation,England,E92000001,2023-03-18,3105,20702760,1920,19190953,1185,1511807
nation,England,E92000001,2023-03-17,3718,20699655,2344,19189033,1374,1510622
nation,England,E92000001,2023-03-16,4351,20695937,2647,19186689,1704,1509248
nation,England,E92000001,2023-03-15,4371,20691586,2665,19184042,1706,1507544
nation,England,E92000001,2023-03-14,5073,20687215,3067,19181377,2006,1505838
nation,England,E92000001,2023-03-13,5289,20682142,3138,19178310,2151,1503832
nation,England,E92000001,2023-03-12,4026,20676853,2390,19175172,1636,1501681
nation,England,E92000001,2023-03-11,3084,20672827,1892,19172782,1192,1500045
nation,England,E92000001,2023-03-10,3592,20669743,2267,19170890,1325,1498853
nation,England,E92000001,2023-03-09,3961,20666151,2427,19168623,1534,1497528
nation,England,E92000001,2023-03-08,4318,20662190,2638,19166196,1680,1495994
nation,England,E92000001,2023-03-07,4455,20657872,2735,19163558,1720,1494314
nation,England,E92000001,2023-03-06,4577,20653417,2695,19160823,1882,1492594
nation,England,E92000001,2023-03-05,3155,20648840,1899,19158128,1256,1490712
nation,England,E92000001,2023-03-04,2572,20645685,1557,19156229,1015,1489456
nation,England,E92000001,2023-03-03,3421,20643113,2081,19154672,1340,1488441
nation,England,E92000001,2023-03-02,3565,20639692,2235,19152591,1330,1487101
nation,England,E92000001,2023-03-01,3973,20636127,2441,19150356,1532,1485771
nation,England,E92000001,2023-02-28,4148,20632154,2473,19147915,1675,1484239
nation,England,E92000001,2023-02-27,4319,20628006,2630,19145442,1689,1482564
nation,England,E92000001,2023-02-26,2901,20623687,1779,19142812,1122,1480875
nation,England,E92000001,2023-02-25,2529,20620786,1591,19141033,938,1479753
nation,England,E92000001,2023-02-24,3112,20618257,1929,19139442,1183,1478815
nation,England,E92000001,2023-02-23,3475,20615145,2174,19137513,1301,1477632
nation,England,E92000001,2023-02-22,3855,20611670,2320,19135339,1535,1476331
nation,England,E92000001,2023-02-21,4326,20607815,2557,19133019,1769,1474796
nation,England,E92000001,2023-02-20,4552,20603489,2710,19130462,1842,1473027
nation,England,E92000001,2023-02-19,3435,20598937,2060,19127752,1375,1471185
nation,England,E92000001,2023-02-18,2907,20595502,1843,19125692,1064,1469810
nation,England,E92000001,2023-02-17,3780,20592595,2316,19123849,1464,1468746
nation,England,E92000001,2023-02-16,4005,20588815,2505,19121533,1500,1467282
nation,England,E92000001,2023-02-15,3894,20584810,2386,19119028,1508,1465782
nation,England,E92000001,2023-02-14,4356,20580916,2634,19116642,1722,1464274
nation,England,E92000001,2023-02-13,4549,20576560,2765,19114008,1784,1462552
nation,England,E92000001,2023-02-12,2920,20572011,1808,19111243,1112,1460768
nation,England,E92000001,2023-02-11,2396,20569091,1508,19109435,888,1459656
nation,England,E92000001,2023-02-10,3051,20566695,1946,19107927,1105,1458768
nation,England,E92000001,2023-02-09,3043,20563644,1885,19105981,1158,1457663
nation,England,E92000001,2023-02-08,3335,20560601,2004,19104096,1331,1456505
nation,England,E92000001,2023-02-07,3395,20557266,2064,19102092,1331,1455174
nation,England,E92000001,2023-02-06,3621,20553871,2160,19100028,1461,1453843
nation,England,E92000001,2023-02-05,2616,20550250,1572,19097868,1044,1452382
nation,England,E92000001,2023-02-04,2223,20547634,1372,19096296,851,1451338
nation,England,E92000001,2023-02-03,2751,20545411,1711,19094924,1040,1450487
nation,England,E92000001,2023-02-02,2956,20542660,1859,19093213,1097,1449447
nation,England,E92000001,2023-02-01,3214,20539704,1963,19091354,1251,1448350
nation,England,E92000001,2023-01-31,3280,20536490,1944,19089391,1336,1447099
nation,England,E92000001,2023-01-30,3270,20533210,1976,19087447,1294,1445763
nation,England,E92000001,2023-01-29,2249,20529940,1307,19085471,942,1444469
nation,England,E92000001,2023-01-28,1802,20527691,1175,19084164,627,1443527
nation,England,E92000001,2023-01-27,2270,20525889,1453,19082989,817,1442900
nation,England,E92000001,2023-01-26,2338,20523619,1467,19081536,871,1442083
nation,England,E92000001,2023-01-25,2422,20521281,1469,19080069,953,1441212
nation,England,E92000001,2023-01-24,2550,20518859,1533,19078600,1017,1440259
nation,England,E92000001,2023-01-23,2382,20516309,1447,19077067,935,1439242
nation,England,E92000001,2023-01-22,1747,20513927,1016,19075620,731,1438307
nation,England,E92000001,2023-01-21,1400,20512180,902,19074604,498,1437576
nation,England,E92000001,2023-01-20,1699,20510780,1094,19073702,605,1437078
nation,England,E92000001,2023-01-19,1808,20509081,1122,19072608,686,1436473
nation,England,E92000001,2023-01-18,1901,20507273,1212,19071486,689,1435787
nation,England,E92000001,2023-01-17,1988,20505372,1247,19070274,741,1435098
nation,England,E92000001,2023-01-16,2307,20503384,1401,19069027,906,1434357
nation,England,E92000001,2023-01-15,1673,20501077,1020,19067626,653,1433451
nation,England,E92000001,2023-01-14,1327,20499404,897,19066606,430,1432798
nation,England,E92000001,2023-01-13,1905,20498077,1212,19065709,693,1432368
nation,England,E92000001,2023-01-12,2204,20496172,1432,19064497,772,1431675
nation,England,E92000001,2023-01-11,2373,20493968,1560,19063065,813,1430903
nation,England,E92000001,2023-01-10,2803,20491595,1796,19061505,1007,1430090
nation,England,E92000001,2023-01-09,3212,20488792,2029,19059709,1183,1429083
nation,England,E92000001,2023-01-08,2501,20485580,1596,19057680,905,1427900
nation,England,E92000001,2023-01-07,2417,20483079,1631,19056084,786,1426995
nation,England,E92000001,2023-01-06,3412,20480662,2293,19054453,1119,1426209
nation,England,E92000001,2023-01-05,4168,20477250,2652,19052160,1516,1425090
nation,England,E92000001,2023-01-04,5009,20473082,3167,19049508,1842,1423574
nation,England,E92000001,2023-01-03,5739,20468073,3567,19046341,2172,1421732
nation,England,E92000001,2023-01-02,4636,20462334,2947,19042774,1689,1419560
nation,England,E92000001,2023-01-01,3338,20457698,2278,19039827,1060,1417871
nation,England,E92000001,2022-12-31,3891,20454360,2649,19037549,1242,1416811
nation,England,E92000001,2022-12-30,5524,20450469,3765,19034900,1759,1415569
nation,England,E92000001,2022-12-29,6953,20444945,4717,19031135,2236,1413810
nation,England,E92000001,2022-12-28,7609,20437992,5076,19026418,2533,1411574
nation,England,E92000001,2022-12-27,5977,20430383,3921,19021342,2056,1409041
nation,England,E92000001,2022-12-26,4499,20424406,3053,19017421,1446,1406985
nation,England,E92000001,2022-12-25,3382,20419907,2413,19014368,969,1405539
nation,England,E92000001,2022-12-24,3777,20416525,2735,19011955,1042,1404570
nation,England,E92000001,2022-12-23,5225,20412748,3648,19009220,1577,1403528
nation,England,E92000001,2022-12-22,6241,20407523,4240,19005572,2001,1401951
nation,England,E92000001,2022-12-21,7042,20401282,4739,19001332,2303,1399950
nation,England,E92000001,2022-12-20,7836,20394240,5298,18996593,2538,1397647
nation,England,E92000001,2022-12-19,8240,20386404,5466,18991295,2774,1395109
nation,England,E92000001,2022-12-18,5212,20378164,3481,18985829,1731,1392335
nation,England,E92000001,2022-12-17,4273,20372952,2837,18982348,1436,1390604
nation,England,E92000001,2022-12-16,5525,20368679,3773,18979511,1752,1389168
nation,England,E92000001,2022-12-15,5549,20363154,3620,18975738,1929,1387416
nation,England,E92000001,2022-12-14,5962,20357605,3900,18972118,2062,1385487
nation,England,E92000001,2022-12-13,6483,20351643,4219,18968218,2264,1383425
nation,England,E92000001,2022-12-12,6356,20345160,4161,18963999,2195,1381161
nation,England,E92000001,2022-12-11,4223,20338804,2701,18959838,1522,1378966
nation,England,E92000001,2022-12-10,3286,20334581,2181,18957137,1105,1377444
nation,England,E92000001,2022-12-09,3824,20331295,2561,18954956,1263,1376339
nation,England,E92000001,2022-12-08,4092,20327471,2675,18952395,1417,1375076
nation,England,E92000001,2022-12-07,4640,20323379,2945,18949720,1695,1373659
nation,England,E92000001,2022-12-06,4761,20318739,3055,18946775,1706,1371964
nation,England,E92000001,2022-12-05,4850,20313978,3016,18943720,1834,1370258
nation,England,E92000001,2022-12-04,3409,20309128,2182,18940704,1227,1368424
nation,England,E92000001,2022-12-03,2481,20305719,1621,18938522,860,1367197
nation,England,E92000001,2022-12-02,3275,20303238,2151,18936901,1124,1366337
nation,England,E92000001,2022-12-01,3214,20299963,2063,18934750,1151,1365213
nation,England,E92000001,2022-11-30,3608,20296749,2263,18932687,1345,1364062
nation,England,E92000001,2022-11-29,3972,20293141,2525,18930424,1447,1362717
nation,England,E92000001,2022-11-28,4237,20289169,2702,18927899,1535,1361270
nation,England,E92000001,2022-11-27,3152,20284932,1965,18925197,1187,1359735
nation,England,E92000001,2022-11-26,2304,20281780,1486,18923232,818,1358548
nation,England,E92000001,2022-11-25,2638,20279476,1772,18921746,866,1357730
nation,England,E92000001,2022-11-24,3007,20276838,1882,18919974,1125,1356864
nation,England,E92000001,2022-11-23,3240,20273831,2094,18918092,1146,1355739
nation,England,E92000001,2022-11-22,3451,20270591,2121,18915998,1330,1354593
nation,England,E92000001,2022-11-21,3549,20267140,2181,18913877,1368,1353263
nation,England,E92000001,2022-11-20,2613,20263591,1644,18911696,969,1351895
nation,England,E92000001,2022-11-19,2207,20260978,1465,18910052,742,1350926
nation,England,E92000001,2022-11-18,2501,20258771,1669,18908587,832,1350184
nation,England,E92000001,2022-11-17,2703,20256270,1713,18906918,990,1349352
nation,England,E92000001,2022-11-16,2933,20253567,1910,18905205,1023,1348362
nation,England,E92000001,2022-11-15,3160,20250634,2019,18903295,1141,1347339
nation,England,E92000001,2022-11-14,3494,20247474,2209,18901276,1285,1346198
nation,England,E92000001,2022-11-13,2647,20243980,1689,18899067,958,1344913
nation,England,E92000001,2022-11-12,2172,20241333,1474,18897378,698,1343955
nation,England,E92000001,2022-11-11,2562,20239161,1729,18895904,833,1343257
nation,England,E92000001,2022-11-10,2806,20236599,1887,18894175,919,1342424
nation,England,E92000001,2022-11-09,3185,20233793,2107,18892288,1078,1341505
nation,England,E92000001,2022-11-08,3380,20230608,2186,18890181,1194,1340427
nation,England,E92000001,2022-11-07,3879,20227228,2494,18887995,1385,1339233
nation,England,E92000001,2022-11-06,2917,20223349,1863,18885501,1054,1337848
nation,England,E92000001,2022-11-05,2374,20220432,1591,18883638,783,1336794
nation,England,E92000001,2022-11-04,2760,20218058,1928,18882047,832,1336011
nation,England,E92000001,2022-11-03,3261,20215298,2201,18880119,1060,1335179
nation,England,E92000001,2022-11-02,3599,20212037,2417,18877918,1182,1334119
nation,England,E92000001,2022-11-01,4091,20208438,2715,18875501,1376,1332937
nation,England,E92000001,2022-10-31,4633,20204347,3107,18872786,1526,1331561
nation,England,E92000001,2022-10-30,3827,20199714,2567,18869679,1260,1330035
nation,England,E92000001,2022-10-29,3227,20195887,2266,18867112,961,1328775
nation,England,E92000001,2022-10-28,3916,20192660,2834,18864846,1082,1327814
nation,England,E92000001,2022-10-27,4372,20188744,3130,18862012,1242,1326732
nation,England,E92000001,2022-10-26,4924,20184372,3462,18858882,1462,1325490
nation,England,E92000001,2022-10-25,5181,20179448,3656,18855420,1525,1324028
nation,England,E92000001,2022-10-24,6147,20174267,4295,18851764,1852,1322503
nation,England,E92000001,2022-10-23,5011,20168120,3597,18847469,1414,1320651
nation,England,E92000001,2022-10-22,4527,20163109,3315,18843872,1212,1319237
nation,England,E92000001,2022-10-21,5759,20158582,4162,18840557,1597,1318025
nation,England,E92000001,2022-10-20,6075,20152823,4302,18836395,1773,1316428
nation,England,E92000001,2022-10-19,7042,20146748,5040,18832093,2002,1314655
nation,England,E92000001,2022-10-18,7667,20139706,5430,18827053,2237,1312653
nation,England,E92000001,2022-10-17,9304,20132039,6606,18821623,2698,1310416
nation,England,E92000001,2022-10-16,7257,20122735,5220,18815017,2037,1307718
nation,England,E92000001,2022-10-15,6005,20115478,4434,18809797,1571,1305681
nation,England,E92000001,2022-10-14,7343,20109473,5494,18805363,1849,1304110
nation,England,E92000001,2022-10-13,7563,20102130,5483,18799869,2080,1302261
nation,England,E92000001,2022-10-12,8124,20094567,5807,18794386,2317,1300181
nation,England,E92000001,2022-10-11,8781,20086443,6426,18788579,2355,1297864
nation,England,E92000001,2022-10-10,9835,20077662,7090,18782153,2745,1295509
nation,England,E92000001,2022-10-09,8014,20067827,5882,18775063,2132,1292764
nation,England,E92000001,2022-10-08,6581,20059813,4966,18769181,1615,1290632
nation,England,E92000001,2022-10-07,8333,20053232,6212,18764215,2121,1289017
nation,England,E92000001,2022-10-06,8819,20044899,6615,18758003,2204,1286896
nation,England,E92000001,2022-10-05,9544,20036080,7035,18751388,2509,1284692
nation,England,E92000001,2022-10-04,10246,20026536,7550,18744353,2696,1282183
nation,England,E92000001,2022-10-03,10881,20016290,7967,18736803,2914,1279487
nation,England,E92000001,2022-10-02,8623,20005409,6506,18728836,2117,1276573
nation,England,E92000001,2022-10-01,6564,19996786,5036,18722330,1528,1274456
nation,England,E92000001,2022-09-30,7099,19990222,5453,18717294,1646,1272928
nation,England,E92000001,2022-09-29,7352,19983123,5559,18711841,1793,1271282
nation,England,E92000001,2022-09-28,7806,19975771,5872,18706282,1934,1269489
nation,England,E92000001,2022-09-27,7648,19967965,5641,18700410,2007,1267555
nation,England,E92000001,2022-09-26,8042,19960317,5871,18694769,2171,1265548
nation,England,E92000001,2022-09-25,6737,19952275,4960,18688898,1777,1263377
nation,England,E92000001,2022-09-24,5309,19945538,4007,18683938,1302,1261600
nation,England,E92000001,2022-09-23,6006,19940229,4525,18679931,1481,1260298
nation,England,E92000001,2022-09-22,6294,19934223,4638,18675406,1656,1258817
nation,England,E92000001,2022-09-21,6940,19927929,5086,18670768,1854,1257161
nation,England,E92000001,2022-09-20,7200,19920989,5165,18665682,2035,1255307
nation,England,E92000001,2022-09-19,5702,19913789,4022,18660517,1680,1253272
nation,England,E92000001,2022-09-18,3943,19908087,2881,18656495,1062,1251592
nation,England,E92000001,2022-09-17,3188,19904144,2381,18653614,807,1250530
nation,England,E92000001,2022-09-16,3729,19900956,2762,18651233,967,1249723
nation,England,E92000001,2022-09-15,4200,19897227,3017,18648471,1183,1248756
nation,England,E92000001,2022-09-14,4453,19893027,3236,18645454,1217,1247573
nation,England,E92000001,2022-09-13,4601,19888574,3404,18642218,1197,1246356
nation,England,E92000001,2022-09-12,4758,19883973,3392,18638814,1366,1245159
nation,England,E92000001,2022-09-11,3890,19879215,2844,18635422,1046,1243793
nation,England,E92000001,2022-09-10,2861,19875325,2119,18632578,742,1242747
nation,England,E92000001,2022-09-09,3103,19872464,2326,18630459,777,1242005
nation,England,E92000001,2022-09-08,3250,19869361,2370,18628133,880,1241228
nation,England,E92000001,2022-09-07,3749,19866111,2738,18625763,1011,1240348
nation,England,E92000001,2022-09-06,3940,19862362,2868,18623025,1072,1239337
nation,England,E92000001,2022-09-05,4385,19858422,3153,18620157,1232,1238265
nation,England,E92000001,2022-09-04,3759,19854037,2770,18617004,989,1237033
nation,England,E92000001,2022-09-03,2971,19850278,2213,18614234,758,1236044
nation,England,E92000001,2022-09-02,3239,19847307,2437,18612021,802,1235286
nation,England,E92000001,2022-09-01,3760,19844068,2733,18609584,1027,1234484
nation,England,E92000001,2022-08-31,3975,19840308,2935,18606851,1040,1233457
nation,England,E92000001,2022-08-30,4473,19836333,3162,18603916,1311,1232417
nation,England,E92000001,2022-08-29,3936,19831860,2840,18600754,1096,1231106
nation,England,E92000001,2022-08-28,2882,19827924,2192,18597914,690,1230010
nation,England,E92000001,2022-08-27,2606,19825042,1978,18595722,628,1229320
nation,England,E92000001,2022-08-26,2997,19822436,2285,18593744,712,1228692
nation,England,E92000001,2022-08-25,3266,19819439,2405,18591459,861,1227980
nation,England,E92000001,2022-08-24,3913,19816173,2907,18589054,1006,1227119
nation,England,E92000001,2022-08-23,4076,19812260,3046,18586147,1030,1226113
nation,England,E92000001,2022-08-22,4575,19808184,3379,18583101,1196,1225083
nation,England,E92000001,2022-08-21,3547,19803609,2612,18579722,935,1223887
nation,England,E92000001,2022-08-20,3059,19800062,2335,18577110,724,1222952
nation,England,E92000001,2022-08-19,3492,19797003,2622,18574775,870,1222228
nation,England,E92000001,2022-08-18,3989,19793511,2969,18572153,1020,1221358
nation,England,E92000001,2022-08-17,4421,19789522,3284,18569184,1137,1220338
nation,England,E92000001,2022-08-16,4845,19785101,3621,18565900,1224,1219201
nation,England,E92000001,2022-08-15,5606,19780256,4182,18562279,1424,1217977
nation,England,E92000001,2022-08-14,4781,19774650,3621,18558097,1160,1216553
nation,England,E92000001,2022-08-13,3978,19769869,3055,18554476,923,1215393
nation,England,E92000001,2022-08-12,4781,19765891,3657,18551421,1124,1214470
nation,England,E92000001,2022-08-11,5446,19761110,4082,18547764,1364,1213346
nation,England,E92000001,2022-08-10,6003,19755664,4510,18543682,1493,1211982
nation,England,E92000001,2022-08-09,6462,19749661,4926,18539172,1536,1210489
nation,England,E92000001,2022-08-08,7226,19743199,5310,18534246,1916,1208953
nation,England,E92000001,2022-08-07,5897,19735973,4491,18528936,1406,1207037
nation,England,E92000001,2022-08-06,4852,19730076,3761,18524445,1091,1205631
nation,England,E92000001,2022-08-05,5859,19725224,4489,18520684,1370,1204540
nation,England,E92000001,2022-08-04,6524,19719365,4976,18516195,1548,1203170
nation,England,E92000001,2022-08-03,7419,19712841,5727,18511219,1692,1201622
nation,England,E92000001,2022-08-02,8165,19705422,6177,18505492,1988,1199930
nation,England,E92000001,2022-08-01,8814,19697257,6649,18499315,2165,1197942
nation,England,E92000001,2022-07-31,7672,19688443,5888,18492666,1784,1195777
nation,England,E92000001,2022-07-30,6612,19680771,5145,18486778,1467,1193993
nation,England,E92000001,2022-07-29,7585,19674159,5852,18481633,1733,1192526
nation,England,E92000001,2022-07-28,8339,19666574,6352,18475781,1987,1190793
nation,England,E92000001,2022-07-27,9435,19658235,7190,18469429,2245,1188806
nation,England,E92000001,2022-07-26,10482,19648800,8053,18462239,2429,1186561
nation,England,E92000001,2022-07-25,11929,19638318,9140,18454186,2789,1184132
nation,England,E92000001,2022-07-24,10216,19626389,7841,18445046,2375,1181343
nation,England,E92000001,2022-07-23,8909,19616173,6977,18437205,1932,1178968
nation,England,E92000001,2022-07-22,11177,19607264,8656,18430228,2521,1177036
nation,England,E92000001,2022-07-21,12791,19596087,9872,18421572,2919,1174515
nation,England,E92000001,2022-07-20,14533,19583296,11290,18411700,3243,1171596
nation,England,E92000001,2022-07-19,14866,19568763,11348,18400410,3518,1168353
nation,England,E92000001,2022-07-18,16919,19553897,12797,18389062,4122,1164835
nation,England,E92000001,2022-07-17,15702,19536978,12071,18376265,3631,1160713
nation,England,E92000001,2022-07-16,13677,19521276,10680,18364194,2997,1157082
nation,England,E92000001,2022-07-15,16626,19507599,12843,18353514,3783,1154085
nation,England,E92000001,2022-07-14,19340,19490973,14752,18340671,4588,1150302
nation,England,E92000001,2022-07-13,21639,19471633,16643,18325919,4996,1145714
nation,England,E92000001,2022-07-12,24377,19449994,18606,18309276,5771,1140718
nation,England,E92000001,2022-07-11,27198,19425617,20619,18290670,6579,1134947
nation,England,E92000001,2022-07-10,23046,19398419,17808,18270051,5238,1128368
nation,England,E92000001,2022-07-09,19354,19375373,15269,18252243,4085,1123130
nation,England,E92000001,2022-07-08,22173,19356019,17504,18236974,4669,1119045
nation,England,E92000001,2022-07-07,24049,19333846,18601,18219470,5448,1114376
nation,England,E92000001,2022-07-06,26741,19309797,20649,18200869,6092,1108928
nation,England,E92000001,2022-07-05,28118,19283056,21785,18180220,6333,1102836
nation,England,E92000001,2022-07-04,30388,19254938,23338,18158435,7050,1096503
nation,England,E92000001,2022-07-03,25172,19224550,19477,18135097,5695,1089453
nation,England,E92000001,2022-07-02,19586,19199378,15546,18115620,4040,1083758
nation,England,E92000001,2022-07-01,21067,19179792,16751,18100074,4316,1079718
nation,England,E92000001,2022-06-30,21513,19158725,16836,18083323,4677,1075402
nation,England,E92000001,2022-06-29,21720,19137212,17058,18066487,4662,1070725
nation,England,E92000001,2022-06-28,21869,19115492,17362,18049429,4507,1066063
nation,England,E92000001,2022-06-27,21896,19093623,17277,18032067,4619,1061556
nation,England,E92000001,2022-06-26,18039,19071727,14411,18014790,3628,1056937
nation,England,E92000001,2022-06-25,14478,19053688,11846,18000379,2632,1053309
nation,England,E92000001,2022-06-24,15626,19039210,12679,17988533,2947,1050677
nation,England,E92000001,2022-06-23,16698,19023584,13495,17975854,3203,1047730
nation,England,E92000001,2022-06-22,17764,19006886,14461,17962359,3303,1044527
nation,England,E92000001,2022-06-21,17531,18989122,14193,17947898,3338,1041224
nation,England,E92000001,2022-06-20,16918,18971591,13612,17933705,3306,1037886
nation,England,E92000001,2022-06-19,14524,18954673,11857,17920093,2667,1034580
nation,England,E92000001,2022-06-18,11634,18940149,9652,17908236,1982,1031913
nation,England,E92000001,2022-06-17,11640,18928515,9631,17898584,2009,1029931
nation,England,E92000001,2022-06-16,11915,18916875,9655,17888953,2260,1027922
nation,England,E92000001,2022-06-15,12387,18904960,10105,17879298,2282,1025662
nation,England,E92000001,2022-06-14,12660,18892573,10409,17869193,2251,1023380
nation,England,E92000001,2022-06-13,12954,18879913,10469,17858784,2485,1021129
nation,England,E92000001,2022-06-12,10718,18866959,8838,17848315,1880,1018644
nation,England,E92000001,2022-06-11,8468,18856241,7043,17839477,1425,1016764
nation,England,E92000001,2022-06-10,9153,18847773,7639,17832434,1514,1015339
nation,England,E92000001,2022-06-09,9589,18838620,7901,17824795,1688,1013825
nation,England,E92000001,2022-06-08,9952,18829031,8184,17816894,1768,1012137
nation,England,E92000001,2022-06-07,9484,18819079,7813,17808710,1671,1010369
nation,England,E92000001,2022-06-06,9798,18809595,8048,17800897,1750,1008698
nation,England,E92000001,2022-06-05,8350,18799797,6942,17792849,1408,1006948
nation,England,E92000001,2022-06-04,6278,18791447,5358,17785907,920,1005540
nation,England,E92000001,2022-06-03,5581,18785169,4791,17780549,790,1004620
nation,England,E92000001,2022-06-02,5081,18779588,4334,17775758,747,1003830
nation,England,E92000001,2022-06-01,5711,18774507,4954,17771424,757,1003083
nation,England,E92000001,2022-05-31,5734,18768796,4904,17766470,830,1002326
nation,England,E92000001,2022-05-30,5928,18763062,5041,17761566,887,1001496
nation,England,E92000001,2022-05-29,4687,18757134,3996,17756525,691,1000609
nation,England,E92000001,2022-05-28,4153,18752447,3561,17752529,592,999918
nation,England,E92000001,2022-05-27,4494,18748294,3826,17748968,668,999326
nation,England,E92000001,2022-05-26,4819,18743800,4001,17745142,818,998658
nation,England,E92000001,2022-05-25,5189,18738981,4305,17741141,884,997840
nation,England,E92000001,2022-05-24,5593,18733792,4648,17736836,945,996956
nation,England,E92000001,2022-05-23,6248,18728199,5124,17732188,1124,996011
nation,England,E92000001,2022-05-22,5151,18721951,4345,17727064,806,994887
nation,England,E92000001,2022-05-21,4243,18716800,3589,17722719,654,994081
nation,England,E92000001,2022-05-20,5049,18712557,4240,17719130,809,993427
nation,England,E92000001,2022-05-19,5785,18707508,4733,17714890,1052,992618
nation,England,E92000001,2022-05-18,6392,18701723,5317,17710157,1075,991566
nation,England,E92000001,2022-05-17,6833,18695331,5678,17704840,1155,990491
nation,England,E92000001,2022-05-16,7883,18688498,6453,17699162,1430,989336
nation,England,E92000001,2022-05-15,6730,18680615,5637,17692709,1093,987906
nation,England,E92000001,2022-05-14,5139,18673885,4312,17687072,827,986813
nation,England,E92000001,2022-05-13,5794,18668746,4905,17682760,889,985986
nation,England,E92000001,2022-05-12,6376,18662952,5342,17677855,1034,985097
nation,England,E92000001,2022-05-11,7265,18656576,6065,17672513,1200,984063
nation,England,E92000001,2022-05-10,8154,18649311,6775,17666448,1379,982863
nation,England,E92000001,2022-05-09,8876,18641157,7334,17659673,1542,981484
nation,England,E92000001,2022-05-08,7664,18632281,6417,17652339,1247,979942
nation,England,E92000001,2022-05-07,6354,18624617,5447,17645922,907,978695
nation,England,E92000001,2022-05-06,7518,18618263,6374,17640475,1144,977788
nation,England,E92000001,2022-05-05,8592,18610745,7218,17634101,1374,976644
nation,England,E92000001,2022-05-04,9783,18602153,8242,17626883,1541,975270
nation,England,E92000001,2022-05-03,11155,18592370,9308,17618641,1847,973729
nation,England,E92000001,2022-05-02,10343,18581215,8744,17609333,1599,971882
nation,England,E92000001,2022-05-01,7718,18570872,6638,17600589,1080,970283
nation,England,E92000001,2022-04-30,6863,18563154,5944,17593951,919,969203
nation,England,E92000001,2022-04-29,7992,18556291,6860,17588007,1132,968284
nation,England,E92000001,2022-04-28,9056,18548299,7720,17581147,1336,967152
nation,England,E92000001,2022-04-27,10120,18539243,8630,17573427,1490,965816
nation,England,E92000001,2022-04-26,11293,18529123,9635,17564797,1658,964326
nation,England,E92000001,2022-04-25,13404,18517830,11286,17555162,2118,962668
nation,England,E92000001,2022-04-24,11866,18504426,10247,17543876,1619,960550
nation,England,E92000001,2022-04-23,10573,18492560,9264,17533629,1309,958931
nation,England,E92000001,2022-04-22,12526,18481987,10855,17524365,1671,957622
nation,England,E92000001,2022-04-21,14520,18469461,12571,17513510,1949,955951
nation,England,E92000001,2022-04-20,16973,18454941,14772,17500939,2201,954002
nation,England,E92000001,2022-04-19,20595,18437968,17778,17486167,2817,951801
nation,England,E92000001,2022-04-18,20566,18417373,17873,17468389,2693,948984
nation,England,E92000001,2022-04-17,16262,18396807,14390,17450516,1872,946291
nation,England,E92000001,2022-04-16,16091,18380545,14361,17436126,1730,944419
nation,England,E92000001,2022-04-15,17306,18364454,15381,17421765,1925,942689
nation,England,E92000001,2022-04-14,21434,18347148,18975,17406384,2459,940764
nation,England,E92000001,2022-04-13,25507,18325714,22617,17387409,2890,938305
nation,England,E92000001,2022-04-12,27382,18300207,24178,17364792,3204,935415
nation,England,E92000001,2022-04-11,30597,18272825,26941,17340614,3656,932211
nation,England,E92000001,2022-04-10,25641,18242228,22869,17313673,2772,928555
nation,England,E92000001,2022-04-09,23013,18216587,20510,17290804,2503,925783
nation,England,E92000001,2022-04-08,27391,18193574,24309,17270294,3082,923280
nation,England,E92000001,2022-04-07,31745,18166183,27979,17245985,3766,920198
nation,England,E92000001,2022-04-06,36891,18134438,32602,17218006,4289,916432
nation,England,E92000001,2022-04-05,40393,18097547,35749,17185404,4644,912143
nation,England,E92000001,2022-04-04,45140,18057154,39808,17149655,5332,907499
nation,England,E92000001,2022-04-03,35606,18012014,31745,17109847,3861,902167
nation,England,E92000001,2022-04-02,31609,17976408,28262,17078102,3347,898306
nation,England,E92000001,2022-04-01,40342,17944799,35905,17049840,4437,894959
nation,England,E92000001,2022-03-31,45879,17904457,40708,17013935,5171,890522
nation,England,E92000001,2022-03-30,62750,17858578,55348,16973227,7402,885351
nation,England,E92000001,2022-03-29,67441,17795828,59379,16917879,8062,877949
nation,England,E92000001,2022-03-28,78909,17728387,69235,16858500,9674,869887
nation,England,E92000001,2022-03-27,58000,17649478,51350,16789265,6650,860213
nation,England,E92000001,2022-03-26,51776,17591478,46259,16737915,5517,853563
nation,England,E92000001,2022-03-25,60256,17539702,53551,16691656,6705,848046
nation,England,E92000001,2022-03-24,68604,17479446,60941,16638105,7663,841341
nation,England,E92000001,2022-03-23,77600,17410842,68847,16577164,8753,833678
nation,England,E92000001,2022-03-22,81845,17333242,72556,16508317,9289,824925
nation,England,E92000001,2022-03-21,89907,17251397,79360,16435761,10547,815636
nation,England,E92000001,2022-03-20,66907,17161490,59480,16356401,7427,805089
nation,England,E92000001,2022-03-19,55211,17094583,49582,16296921,5629,797662
nation,England,E92000001,2022-03-18,61904,17039372,55419,16247339,6485,792033
nation,England,E92000001,2022-03-17,67687,16977468,60471,16191920,7216,785548
nation,England,E92000001,2022-03-16,73951,16909781,66030,16131449,7921,778332
nation,England,E92000001,2022-03-15,74101,16835830,66269,16065419,7832,770411
nation,England,E92000001,2022-03-14,79517,16761729,70930,15999150,8587,762579
nation,England,E92000001,2022-03-13,60271,16682212,53991,15928220,6280,753992
nation,England,E92000001,2022-03-12,49161,16621941,44266,15874229,4895,747712
nation,England,E92000001,2022-03-11,52270,16572780,47064,15829963,5206,742817
nation,England,E92000001,2022-03-10,54298,16520510,48774,15782899,5524,737611
nation,England,E92000001,2022-03-09,55491,16466212,49875,15734125,5616,732087
nation,England,E92000001,2022-03-08,52343,16410721,47058,15684250,5285,726471
nation,England,E92000001,2022-03-07,50982,16358378,45549,15637192,5433,721186
nation,England,E92000001,2022-03-06,35914,16307396,32403,15591643,3511,715753
nation,England,E92000001,2022-03-05,28509,16271482,25912,15559240,2597,712242
nation,England,E92000001,2022-03-04,30605,16242973,27716,15533328,2889,709645
nation,England,E92000001,2022-03-03,31533,16212368,28490,15505612,3043,706756
nation,England,E92000001,2022-03-02,33361,16180835,30086,15477122,3275,703713
nation,England,E92000001,2022-03-01,31864,16147474,28987,15447036,2877,700438
nation,England,E92000001,2022-02-28,31865,16115610,28815,15418049,3050,697561
nation,England,E92000001,2022-02-27,22165,16083745,20134,15389234,2031,694511
nation,England,E92000001,2022-02-26,17604,16061580,16127,15369100,1477,692480
nation,England,E92000001,2022-02-25,19533,16043976,17767,15352973,1766,691003
nation,England,E92000001,2022-02-24,21882,16024443,19801,15335206,2081,689237
nation,England,E92000001,2022-02-23,26009,16002561,23620,15315405,2389,687156
nation,England,E92000001,2022-02-22,28019,15976552,25330,15291785,2689,684767
nation,England,E92000001,2022-02-21,33034,15948533,29914,15266455,3120,682078
nation,England,E92000001,2022-02-20,28411,15915499,25905,15236541,2506,678958
nation,England,E92000001,2022-02-19,26429,15887088,24156,15210636,2273,676452
nation,England,E92000001,2022-02-18,24923,15860659,22667,15186480,2256,674179
nation,England,E92000001,2022-02-17,34168,15835736,30958,15163813,3210,671923
nation,England,E92000001,2022-02-16,39445,15801568,35729,15132855,3716,668713
nation,England,E92000001,2022-02-15,40145,15762123,36339,15097126,3806,664997
nation,England,E92000001,2022-02-14,42490,15721978,38431,15060787,4059,661191
nation,England,E92000001,2022-02-13,32326,15679488,29342,15022356,2984,657132
nation,England,E92000001,2022-02-12,29142,15647162,26641,14993014,2501,654148
nation,England,E92000001,2022-02-11,34944,15618020,31726,14966373,3218,651647
nation,England,E92000001,2022-02-10,41331,15583076,37253,14934647,4078,648429
nation,England,E92000001,2022-02-09,51013,15541745,45961,14897394,5052,644351
nation,England,E92000001,2022-02-08,55437,15490732,49986,14851433,5451,639299
nation,England,E92000001,2022-02-07,62672,15435295,56300,14801447,6372,633848
nation,England,E92000001,2022-02-06,50148,15372623,45157,14745147,4991,627476
nation,England,E92000001,2022-02-05,43233,15322475,39309,14699990,3924,622485
nation,England,E92000001,2022-02-04,52556,15279242,47718,14660681,4838,618561
nation,England,E92000001,2022-02-03,64032,15226686,57740,14612963,6292,613723
nation,England,E92000001,2022-02-02,73908,15162654,66617,14555223,7291,607431
nation,England,E92000001,2022-02-01,78511,15088746,70497,14488606,8014,600140
nation,England,E92000001,2022-01-31,88502,15010235,79482,14418109,9020,592126
nation,England,E92000001,2022-01-30,74980,14921733,67592,14338627,7388,583106
nation,England,E92000001,2022-01-29,63024,14846753,57279,14271035,5745,575718
nation,England,E92000001,2022-01-28,71682,14783729,64865,14213756,6817,569973
nation,England,E92000001,2022-01-27,82726,14712047,74670,14148891,8056,563156
nation,England,E92000001,2022-01-26,93211,14629321,83995,14074221,9216,555100
nation,England,E92000001,2022-01-25,96955,14536110,87345,13990226,9610,545884
nation,England,E92000001,2022-01-24,109233,14439155,98279,13902881,10954,536274
nation,England,E92000001,2022-01-23,88558,14329922,80099,13804602,8459,525320
nation,England,E92000001,2022-01-22,70483,14241364,64188,13724503,6295,516861
nation,England,E92000001,2022-01-21,79172,14170881,71811,13660315,7361,510566
nation,England,E92000001,2022-01-20,86951,14091709,78892,13588504,8059,503205
nation,England,E92000001,2022-01-19,97335,14004758,88154,13509612,9181,495146
nation,England,E92000001,2022-01-18,103308,13907423,93489,13421458,9819,485965
nation,England,E92000001,2022-01-17,114776,13804115,103816,13327969,10960,476146
nation,England,E92000001,2022-01-16,85599,13689339,77694,13224153,7905,465186
nation,England,E92000001,2022-01-15,67821,13603740,62053,13146459,5768,457281
nation,England,E92000001,2022-01-14,75174,13535919,68447,13084406,6727,451513
nation,England,E92000001,2022-01-13,84132,13460745,76293,13015959,7839,444786
nation,England,E92000001,2022-01-12,90000,13376613,81437,12939666,8563,436947
nation,England,E92000001,2022-01-11,100979,13286613,91494,12858229,9485,428384
nation,England,E92000001,2022-01-10,116343,13185634,105282,12766735,11061,418899
nation,England,E92000001,2022-01-09,83081,13069291,75307,12661453,7774,407838
nation,England,E92000001,2022-01-08,81221,12986210,73722,12586146,7499,400064
nation,England,E92000001,2022-01-07,105080,12904989,94766,12512424,10314,392565
nation,England,E92000001,2022-01-06,150786,12799909,134875,12417658,15911,382251
nation,England,E92000001,2022-01-05,183798,12649123,164545,12282783,19253,366340
nation,England,E92000001,2022-01-04,234873,12465325,210588,12118238,24285,347087
nation,England,E92000001,2022-01-03,193617,12230452,173526,11907650,20091,322802
nation,England,E92000001,2022-01-02,148609,12036835,133959,11734124,14650,302711
nation,England,E92000001,2022-01-01,99303,11888226,90305,11600165,8998,288061
nation,England,E92000001,2021-12-31,152887,11788923,138929,11509860,13958,279063
nation,England,E92000001,2021-12-30,192825,11636036,175037,11370931,17788,265105
nation,England,E92000001,2021-12-29,224031,11443211,204432,11195894,19599,247317
nation,England,E92000001,2021-12-28,170586,11219180,155666,10991462,14920,227718
nation,England,E92000001,2021-12-27,155567,11048594,142564,10835796,13003,212798
nation,England,E92000001,2021-12-26,98918,10893027,91202,10693232,7716,199795
nation,England,E92000001,2021-12-25,59912,10794109,55563,10602030,4349,192079
nation,England,E92000001,2021-12-24,117562,10734197,108028,10546467,9534,187730
nation,England,E92000001,2021-12-23,137021,10616635,125445,10438439,11576,178196
nation,England,E92000001,2021-12-22,138142,10479614,126489,10312994,11653,166620
nation,England,E92000001,2021-12-21,129599,10341472,119021,10186505,10578,154967
nation,England,E92000001,2021-12-20,117577,10211873,108419,10067484,9158,144389
nation,England,E92000001,2021-12-19,78497,10094296,72713,9959065,5784,135231
nation,England,E92000001,2021-12-18,78930,10015799,73210,9886352,5720,129447
nation,England,E92000001,2021-12-17,84967,9936869,78647,9813142,6320,123727
nation,England,E92000001,2021-12-16,93804,9851902,86931,9734495,6873,117407
nation,England,E92000001,2021-12-15,99655,9758098,92594,9647564,7061,110534
nation,England,E92000001,2021-12-14,90717,9658443,84773,9554970,5944,103473
nation,England,E92000001,2021-12-13,76507,9567726,72509,9470197,3998,97529
nation,England,E92000001,2021-12-12,46367,9491219,44506,9397688,1861,93531
nation,England,E92000001,2021-12-11,41940,9444852,40517,9353182,1423,91670
nation,England,E92000001,2021-12-10,45018,9402912,43540,9312665,1478,90247
nation,England,E92000001,2021-12-09,48817,9357894,47248,9269125,1569,88769
nation,England,E92000001,2021-12-08,50059,9309077,48591,9221877,1468,87200
nation,England,E92000001,2021-12-07,48146,9259018,46903,9173286,1243,85732
nation,England,E92000001,2021-12-06,51123,9210872,49979,9126383,1144,84489
nation,England,E92000001,2021-12-05,35037,9159749,34455,9076404,582,83345
nation,England,E92000001,2021-12-04,33380,9124712,32837,9041949,543,82763
nation,England,E92000001,2021-12-03,39222,9091332,38624,9009112,598,82220
nation,England,E92000001,2021-12-02,43045,9052110,42392,8970488,653,81622
nation,England,E92000001,2021-12-01,47263,9009065,46562,8928096,701,80969
nation,England,E92000001,2021-11-30,47632,8961802,46946,8881534,686,80268
nation,England,E92000001,2021-11-29,47939,8914170,47190,8834588,749,79582
nation,England,E92000001,2021-11-28,33857,8866231,33400,8787398,457,78833
nation,England,E92000001,2021-11-27,28459,8832374,28080,8753998,379,78376
nation,England,E92000001,2021-11-26,33666,8803915,33212,8725918,454,77997
nation,England,E92000001,2021-11-25,37143,8770249,36588,8692706,555,77543
nation,England,E92000001,2021-11-24,39881,8733106,39315,8656118,566,76988
nation,England,E92000001,2021-11-23,41015,8693225,40483,8616803,532,76422
nation,England,E92000001,2021-11-22,42869,8652210,42310,8576320,559,75890
nation,England,E92000001,2021-11-21,31761,8609341,31358,8534010,403,75331
nation,England,E92000001,2021-11-20,29868,8577580,29498,8502652,370,74928
nation,England,E92000001,2021-11-19,33184,8547712,32772,8473154,412,74558
nation,England,E92000001,2021-11-18,37099,8514528,36607,8440382,492,74146
nation,England,E92000001,2021-11-17,38257,8477429,37771,8403775,486,73654
nation,England,E92000001,2021-11-16,38656,8439172,38112,8366004,544,73168
nation,England,E92000001,2021-11-15,42477,8400516,41891,8327892,586,72624
nation,England,E92000001,2021-11-14,29599,8358039,29242,8286001,357,72038
nation,England,E92000001,2021-11-13,27358,8328440,27042,8256759,316,71681
nation,England,E92000001,2021-11-12,31337,8301082,30918,8229717,419,71365
nation,England,E92000001,2021-11-11,33700,8269745,33235,8198799,465,70946
nation,England,E92000001,2021-11-10,35390,8236045,34912,8165564,478,70481
nation,England,E92000001,2021-11-09,34679,8200655,34205,8130652,474,70003
nation,England,E92000001,2021-11-08,36138,8165976,35607,8096447,531,69529
nation,England,E92000001,2021-11-07,25447,8129838,25107,8060840,340,68998
nation,England,E92000001,2021-11-06,22581,8104391,22280,8035733,301,68658
nation,England,E92000001,2021-11-05,24405,8081810,24039,8013453,366,68357
nation,England,E92000001,2021-11-04,27379,8057405,27033,7989414,346,67991
nation,England,E92000001,2021-11-03,29396,8030026,29014,7962381,382,67645
nation,England,E92000001,2021-11-02,31328,8000630,30911,7933367,417,67263
nation,England,E92000001,2021-11-01,37663,7969302,37116,7902456,547,66846
nation,England,E92000001,2021-10-31,29564,7931639,29166,7865340,398,66299
nation,England,E92000001,2021-10-30,28243,7902075,27952,7836174,291,65901
nation,England,E92000001,2021-10-29,33995,7873832,33562,7808222,433,65610
nation,England,E92000001,2021-10-28,35077,7839837,34647,7774660,430,65177
nation,England,E92000001,2021-10-27,36524,7804760,36100,7740013,424,64747
nation,England,E92000001,2021-10-26,35276,7768236,34861,7703913,415,64323
nation,England,E92000001,2021-10-25,39958,7732960,39460,7669052,498,63908
nation,England,E92000001,2021-10-24,30091,7693002,29747,7629592,344,63410
nation,England,E92000001,2021-10-23,29747,7662911,29419,7599845,328,63066
nation,England,E92000001,2021-10-22,34506,7633164,34087,7570426,419,62738
nation,England,E92000001,2021-10-21,38581,7598658,38113,7536339,468,62319
nation,England,E92000001,2021-10-20,43963,7560077,43482,7498226,481,61851
nation,England,E92000001,2021-10-19,44630,7516114,44105,7454744,525,61370
nation,England,E92000001,2021-10-18,49257,7471484,48654,7410639,603,60845
nation,England,E92000001,2021-10-17,37501,7422227,37120,7361985,381,60242
nation,England,E92000001,2021-10-16,31639,7384726,31301,7324865,338,59861
nation,England,E92000001,2021-10-15,36631,7353087,36254,7293564,377,59523
nation,England,E92000001,2021-10-14,39262,7316456,38780,7257310,482,59146
nation,England,E92000001,2021-10-13,40547,7277194,40096,7218530,451,58664
nation,England,E92000001,2021-10-12,40892,7236647,40395,7178434,497,58213
nation,England,E92000001,2021-10-11,43115,7195755,42656,7138039,459,57716
nation,England,E92000001,2021-10-10,31499,7152640,31160,7095383,339,57257
nation,England,E92000001,2021-10-09,27180,7121141,26865,7064223,315,56918
nation,England,E92000001,2021-10-08,29848,7093961,29495,7037358,353,56603
nation,England,E92000001,2021-10-07,32158,7064113,31790,7007863,368,56250
nation,England,E92000001,2021-10-06,32547,7031955,32176,6976073,371,55882
nation,England,E92000001,2021-10-05,32269,6999408,31875,6943897,394,55511
nation,England,E92000001,2021-10-04,36475,6967139,36086,6912022,389,55117
nation,England,E92000001,2021-10-03,27138,6930664,26848,6875936,290,54728
nation,England,E92000001,2021-10-02,21873,6903526,21655,6849088,218,54438
nation,England,E92000001,2021-10-01,24134,6881653,23857,6827433,277,54220
nation,England,E92000001,2021-09-30,26808,6857519,26503,6803576,305,53943
nation,England,E92000001,2021-09-29,28689,6830711,28378,6777073,311,53638
nation,England,E92000001,2021-09-28,29628,6802022,29266,6748695,362,53327
nation,England,E92000001,2021-09-27,34595,6772394,34164,6719429,431,52965
nation,England,E92000001,2021-09-26,26814,6737799,26477,6685265,337,52534
nation,England,E92000001,2021-09-25,23389,6710985,23118,6658788,271,52197
nation,England,E92000001,2021-09-24,25754,6687596,25426,6635670,328,51926
nation,England,E92000001,2021-09-23,28340,6661842,27939,6610244,401,51598
nation,England,E92000001,2021-09-22,28788,6633502,28434,6582305,354,51197
nation,England,E92000001,2021-09-21,30547,6604714,30181,6553871,366,50843
nation,England,E92000001,2021-09-20,32121,6574167,31714,6523690,407,50477
nation,England,E92000001,2021-09-19,24789,6542046,24479,6491976,310,50070
nation,England,E92000001,2021-09-18,20926,6517257,20672,6467497,254,49760
nation,England,E92000001,2021-09-17,22375,6496331,22113,6446825,262,49506
nation,England,E92000001,2021-09-16,22320,6473956,22041,6424712,279,49244
nation,England,E92000001,2021-09-15,22414,6451636,22148,6402671,266,48965
nation,England,E92000001,2021-09-14,22641,6429222,22344,6380523,297,48699
nation,England,E92000001,2021-09-13,25199,6406581,24869,6358179,330,48402
nation,England,E92000001,2021-09-12,17879,6381382,17643,6333310,236,48072
nation,England,E92000001,2021-09-11,16956,6363503,16740,6315667,216,47836
nation,England,E92000001,2021-09-10,21031,6346547,20736,6298927,295,47620
nation,England,E92000001,2021-09-09,24440,6325516,24122,6278191,318,47325
nation,England,E92000001,2021-09-08,25659,6301076,25270,6254069,389,47007
nation,England,E92000001,2021-09-07,27938,6275417,27585,6228799,353,46618
nation,England,E92000001,2021-09-06,33135,6247479,32685,6201214,450,46265
nation,England,E92000001,2021-09-05,23457,6214344,23160,6168529,297,45815
nation,England,E92000001,2021-09-04,23409,6190887,23140,6145369,269,45518
nation,England,E92000001,2021-09-03,28730,6167478,28368,6122229,362,45249
nation,England,E92000001,2021-09-02,30636,6138748,30229,6093861,407,44887
nation,England,E92000001,2021-09-01,31600,6108112,31217,6063632,383,44480
nation,England,E92000001,2021-08-31,33565,6076512,33122,6032415,443,44097
nation,England,E92000001,2021-08-30,24973,6042947,24648,5999293,325,43654
nation,England,E92000001,2021-08-29,19152,6017974,18909,5974645,243,43329
nation,England,E92000001,2021-08-28,20138,5998822,19903,5955736,235,43086
nation,England,E92000001,2021-08-27,24253,5978684,23954,5935833,299,42851
nation,England,E92000001,2021-08-26,26482,5954431,26116,5911879,366,42552
nation,England,E92000001,2021-08-25,27901,5927949,27545,5885763,356,42186
nation,England,E92000001,2021-08-24,28212,5900048,27836,5858218,376,41830
nation,England,E92000001,2021-08-23,30333,5871836,29948,5830382,385,41454
nation,England,E92000001,2021-08-22,22409,5841503,22157,5800434,252,41069
nation,England,E92000001,2021-08-21,22605,5819094,22343,5778277,262,40817
nation,England,E92000001,2021-08-20,25555,5796489,25235,5755934,320,40555
nation,England,E92000001,2021-08-19,29081,5770934,28678,5730699,403,40235
nation,England,E92000001,2021-08-18,31426,5741853,30979,5702021,447,39832
nation,England,E92000001,2021-08-17,31095,5710427,30626,5671042,469,39385
nation,England,E92000001,2021-08-16,30861,5679332,30424,5640416,437,38916
nation,England,E92000001,2021-08-15,21280,5648471,21019,5609992,261,38479
nation,England,E92000001,2021-08-14,21336,5627191,21103,5588973,233,38218
nation,England,E92000001,2021-08-13,24992,5605855,24671,5567870,321,37985
nation,England,E92000001,2021-08-12,27690,5580863,27304,5543199,386,37664
nation,England,E92000001,2021-08-11,29135,5553173,28779,5515895,356,37278
nation,England,E92000001,2021-08-10,27610,5524038,27216,5487116,394,36922
nation,England,E92000001,2021-08-09,28292,5496428,27877,5459900,415,36528
nation,England,E92000001,2021-08-08,20157,5468136,19900,5432023,257,36113
nation,England,E92000001,2021-08-07,19957,5447979,19678,5412123,279,35856
nation,England,E92000001,2021-08-06,24851,5428022,24500,5392445,351,35577
nation,England,E92000001,2021-08-05,28126,5403171,27758,5367945,368,35226
nation,England,E92000001,2021-08-04,28895,5375045,28499,5340187,396,34858
nation,England,E92000001,2021-08-03,27062,5346150,26696,5311688,366,34462
nation,England,E92000001,2021-08-02,26580,5319088,26197,5284992,383,34096
nation,England,E92000001,2021-08-01,18714,5292508,18472,5258795,242,33713
nation,England,E92000001,2021-07-31,18450,5273794,18173,5240323,277,33471
nation,England,E92000001,2021-07-30,22109,5255344,21788,5222150,321,33194
nation,England,E92000001,2021-07-29,25361,5233235,25012,5200362,349,32873
nation,England,E92000001,2021-07-28,26925,5207874,26568,5175350,357,32524
nation,England,E92000001,2021-07-27,26027,5180949,25651,5148782,376,32167
nation,England,E92000001,2021-07-26,26541,5154922,26174,5123131,367,31791
nation,England,E92000001,2021-07-25,19657,5128381,19406,5096957,251,31424
nation,England,E92000001,2021-07-24,20276,5108724,20013,5077551,263,31173
nation,England,E92000001,2021-07-23,24586,5088448,24280,5057538,306,30910
nation,England,E92000001,2021-07-22,27711,5063862,27382,5033258,329,30604
nation,England,E92000001,2021-07-21,31676,5036151,31292,5005876,384,30275
nation,England,E92000001,2021-07-20,35947,5004475,35417,4974584,530,29891
nation,England,E92000001,2021-07-19,43401,4968528,42819,4939167,582,29361
nation,England,E92000001,2021-07-18,33164,4925127,32766,4896348,398,28779
nation,England,E92000001,2021-07-17,35281,4891963,34904,4863582,377,28381
nation,England,E92000001,2021-07-16,51138,4856682,50518,4828678,620,28004
nation,England,E92000001,2021-07-15,57583,4805544,56823,4778160,760,27384
nation,England,E92000001,2021-07-14,50320,4747961,49653,4721337,667,26624
nation,England,E92000001,2021-07-13,43247,4697641,42657,4671684,590,25957
nation,England,E92000001,2021-07-12,40477,4654394,39957,4629027,520,25367
nation,England,E92000001,2021-07-11,27418,4613917,27133,4589070,285,24847
nation,England,E92000001,2021-07-10,25411,4586499,25117,4561937,294,24562
nation,England,E92000001,2021-07-09,29050,4561088,28693,4536820,357,24268
nation,England,E92000001,2021-07-08,29929,4532038,29538,4508127,391,23911
nation,England,E92000001,2021-07-07,34274,4502109,33813,4478589,461,23520
nation,England,E92000001,2021-07-06,31627,4467835,31200,4444776,427,23059
nation,England,E92000001,2021-07-05,30215,4436208,29763,4413576,452,22632
nation,England,E92000001,2021-07-04,21806,4405993,21525,4383813,281,22180
nation,England,E92000001,2021-07-03,20638,4384187,20364,4362288,274,21899
nation,England,E92000001,2021-07-02,22287,4363549,21955,4341924,332,21625
nation,England,E92000001,2021-07-01,24267,4341262,23840,4319969,427,21293
nation,England,E92000001,2021-06-30,23941,4316995,23593,4296129,348,20866
nation,England,E92000001,2021-06-29,23250,4293054,22881,4272536,369,20518
nation,England,E92000001,2021-06-28,23511,4269804,23077,4249655,434,20149
nation,England,E92000001,2021-06-27,15407,4246293,15150,4226578,257,19715
nation,England,E92000001,2021-06-26,13486,4230886,13273,4211428,213,19458
nation,England,E92000001,2021-06-25,14901,4217400,14626,4198155,275,19245
nation,England,E92000001,2021-06-24,15084,4202499,14815,4183529,269,18970
nation,England,E92000001,2021-06-23,14806,4187415,14524,4168714,282,18701
nation,England,E92000001,2021-06-22,13563,4172609,13315,4154190,248,18419
nation,England,E92000001,2021-06-21,12707,4159046,12486,4140875,221,18171
nation,England,E92000001,2021-06-20,8203,4146339,8065,4128389,138,17950
nation,England,E92000001,2021-06-19,7127,4138136,6990,4120324,137,17812
nation,England,E92000001,2021-06-18,8772,4131009,8565,4113334,207,17675
nation,England,E92000001,2021-06-17,9523,4122237,9293,4104769,230,17468
nation,England,E92000001,2021-06-16,9411,4112714,9240,4095476,171,17238
nation,England,E92000001,2021-06-15,9153,4103303,8935,4086236,218,17067
nation,England,E92000001,2021-06-14,8941,4094150,8766,4077301,175,16849
nation,England,E92000001,2021-06-13,6075,4085209,5957,4068535,118,16674
nation,England,E92000001,2021-06-12,5422,4079134,5310,4062578,112,16556
nation,England,E92000001,2021-06-11,6510,4073712,6375,4057268,135,16444
nation,England,E92000001,2021-06-10,6718,4067202,6583,4050893,135,16309
nation,England,E92000001,2021-06-09,6919,4060484,6794,4044310,125,16174
nation,England,E92000001,2021-06-08,6630,4053565,6476,4037516,154,16049
nation,England,E92000001,2021-06-07,6791,4046935,6649,4031040,142,15895
nation,England,E92000001,2021-06-06,4730,4040144,4641,4024391,89,15753
nation,England,E92000001,2021-06-05,3964,4035414,3909,4019750,55,15664
nation,England,E92000001,2021-06-04,4886,4031450,4798,4015841,88,15609
nation,England,E92000001,2021-06-03,5131,4026564,5019,4011043,112,15521
nation,England,E92000001,2021-06-02,5039,4021433,4952,4006024,87,15409
nation,England,E92000001,2021-06-01,4515,4016394,4391,4001072,124,15322
nation,England,E92000001,2021-05-31,3170,4011879,3089,3996681,81,15198
nation,England,E92000001,2021-05-30,2598,4008709,2551,3993592,47,15117
nation,England,E92000001,2021-05-29,2462,4006111,2420,3991041,42,15070
nation,England,E92000001,2021-05-28,2929,4003649,2853,3988621,76,15028
nation,England,E92000001,2021-05-27,3075,4000720,2989,3985768,86,14952
nation,England,E92000001,2021-05-26,3179,3997645,3099,3982779,80,14866
nation,England,E92000001,2021-05-25,2797,3994466,2712,3979680,85,14786
nation,England,E92000001,2021-05-24,2750,3991669,2659,3976968,91,14701
nation,England,E92000001,2021-05-23,1918,3988919,1863,3974309,55,14610
nation,England,E92000001,2021-05-22,1606,3987001,1554,3972446,52,14555
nation,England,E92000001,2021-05-21,1872,3985395,1822,3970892,50,14503
nation,England,E92000001,2021-05-20,2000,3983523,1934,3969070,66,14453
nation,England,E92000001,2021-05-19,2261,3981523,2194,3967136,67,14387
nation,England,E92000001,2021-05-18,2241,3979262,2165,3964942,76,14320
nation,England,E92000001,2021-05-17,2341,3977021,2264,3962777,77,14244
nation,England,E92000001,2021-05-16,1587,3974680,1542,3960513,45,14167
nation,England,E92000001,2021-05-15,1306,3973093,1271,3958971,35,14122
nation,England,E92000001,2021-05-14,1540,3971787,1482,3957700,58,14087
nation,England,E92000001,2021-05-13,1737,3970247,1679,3956218,58,14029
nation,England,E92000001,2021-05-12,1869,3968510,1798,3954539,71,13971
nation,England,E92000001,2021-05-11,1872,3966641,1806,3952741,66,13900
nation,England,E92000001,2021-05-10,2325,3964769,2260,3950935,65,13834
nation,England,E92000001,2021-05-09,1985,3962444,1915,3948675,70,13769
nation,England,E92000001,2021-05-08,1301,3960459,1260,3946760,41,13699
nation,England,E92000001,2021-05-07,1657,3959158,1599,3945500,58,13658
nation,England,E92000001,2021-05-06,1967,3957501,1884,3943901,83,13600
nation,England,E92000001,2021-05-05,2203,3955534,2109,3942017,94,13517
nation,England,E92000001,2021-05-04,2200,3953331,2121,3939908,79,13423
nation,England,E92000001,2021-05-03,1806,3951131,1752,3937787,54,13344
nation,England,E92000001,2021-05-02,1305,3949325,1257,3936035,48,13290
nation,England,E92000001,2021-05-01,1211,3948020,1168,3934778,43,13242
nation,England,E92000001,2021-04-30,1528,3946809,1456,3933610,72,13199
nation,England,E92000001,2021-04-29,1901,3945281,1819,3932154,82,13127
nation,England,E92000001,2021-04-28,2153,3943380,2080,3930335,73,13045
nation,England,E92000001,2021-04-27,1809,3941227,1750,3928255,59,12972
nation,England,E92000001,2021-04-26,2267,3939418,2163,3926505,104,12913
nation,England,E92000001,2021-04-25,1897,3937151,1831,3924342,66,12809
nation,England,E92000001,2021-04-24,1300,3935254,1256,3922511,44,12743
nation,England,E92000001,2021-04-23,1701,3933954,1626,3921255,75,12699
nation,England,E92000001,2021-04-22,2032,3932253,1944,3919629,88,12624
nation,England,E92000001,2021-04-21,2298,3930221,2215,3917685,83,12536
nation,England,E92000001,2021-04-20,2112,3927923,2005,3915470,107,12453
nation,England,E92000001,2021-04-19,2268,3925811,2182,3913465,86,12346
nation,England,E92000001,2021-04-18,2281,3923543,2214,3911283,67,12260
nation,England,E92000001,2021-04-17,1398,3921262,1361,3909069,37,12193
nation,England,E92000001,2021-04-16,1963,3919864,1902,3907708,61,12156
nation,England,E92000001,2021-04-15,1959,3917901,1885,3905806,74,12095
nation,England,E92000001,2021-04-14,2068,3915942,2009,3903921,59,12021
nation,England,E92000001,2021-04-13,2060,3913874,1981,3901912,79,11962
nation,England,E92000001,2021-04-12,2399,3911814,2317,3899931,82,11883
nation,England,E92000001,2021-04-11,2020,3909415,1983,3897614,37,11801
nation,England,E92000001,2021-04-10,2009,3907395,1972,3895631,37,11764
nation,England,E92000001,2021-04-09,2482,3905386,2420,3893659,62,11727
nation,England,E92000001,2021-04-08,2651,3902904,2573,3891239,78,11665
nation,England,E92000001,2021-04-07,2752,3900253,2688,3888666,64,11587
nation,England,E92000001,2021-04-06,2756,3897501,2681,3885978,75,11523
nation,England,E92000001,2021-04-05,2314,3894745,2269,3883297,45,11448
nation,England,E92000001,2021-04-04,2042,3892431,2005,3881028,37,11403
nation,England,E92000001,2021-04-03,2121,3890389,2095,3879023,26,11366
nation,England,E92000001,2021-04-02,2248,3888268,2212,3876928,36,11340
nation,England,E92000001,2021-04-01,3067,3886020,3015,3874716,52,11304
nation,England,E92000001,2021-03-31,3340,3882953,3284,3871701,56,11252
nation,England,E92000001,2021-03-30,3135,3879613,3079,3868417,56,11196
nation,England,E92000001,2021-03-29,3422,3876478,3363,3865338,59,11140
nation,England,E92000001,2021-03-28,4477,3873056,4416,3861975,61,11081
nation,England,E92000001,2021-03-27,3136,3868579,3097,3857559,39,11020
nation,England,E92000001,2021-03-26,3803,3865443,3756,3854462,47,10981
nation,England,E92000001,2021-03-25,4674,3861640,4609,3850706,65,10934
nation,England,E92000001,2021-03-24,5321,3856966,5252,3846097,69,10869
nation,England,E92000001,2021-03-23,4566,3851645,4505,3840845,61,10800
nation,England,E92000001,2021-03-22,5400,3847079,5342,3836340,58,10739
nation,England,E92000001,2021-03-21,4679,3841679,4630,3830998,49,10681
nation,England,E92000001,2021-03-20,3514,3837000,3485,3826368,29,10632
nation,England,E92000001,2021-03-19,4333,3833486,4278,3822883,55,10603
nation,England,E92000001,2021-03-18,4689,3829153,4658,3818605,31,10548
nation,England,E92000001,2021-03-17,5048,3824464,5001,3813947,47,10517
nation,England,E92000001,2021-03-16,4933,3819416,4889,3808946,44,10470
nation,England,E92000001,2021-03-15,5643,3814483,5589,3804057,54,10426
nation,England,E92000001,2021-03-14,3707,3808840,3676,3798468,31,10372
nation,England,E92000001,2021-03-13,3592,3805133,3564,3794792,28,10341
nation,England,E92000001,2021-03-12,4767,3801541,4730,3791228,37,10313
nation,England,E92000001,2021-03-11,4848,3796774,4809,3786498,39,10276
nation,England,E92000001,2021-03-10,5222,3791926,5164,3781689,58,10237
nation,England,E92000001,2021-03-09,5488,3786704,5409,3776525,79,10179
nation,England,E92000001,2021-03-08,5818,3781216,5734,3771116,84,10100
nation,England,E92000001,2021-03-07,3677,3775398,3648,3765382,29,10016
nation,England,E92000001,2021-03-06,3832,3771721,3809,3761734,23,9987
nation,England,E92000001,2021-03-05,4728,3767889,4678,3757925,50,9964
nation,England,E92000001,2021-03-04,5011,3763161,4956,3753247,55,9914
nation,England,E92000001,2021-03-03,5305,3758150,5252,3748291,53,9859
nation,England,E92000001,2021-03-02,5950,3752845,5855,3743039,95,9806
nation,England,E92000001,2021-03-01,6215,3746895,6088,3737184,127,9711
nation,England,E92000001,2021-02-28,4112,3740680,4080,3731096,32,9584
nation,England,E92000001,2021-02-27,4254,3736568,4230,3727016,24,9552
nation,England,E92000001,2021-02-26,5883,3732314,5831,3722786,52,9528
nation,England,E92000001,2021-02-25,6934,3726431,6831,3716955,103,9476
nation,England,E92000001,2021-02-24,7621,3719497,7526,3710124,95,9373
nation,England,E92000001,2021-02-23,8536,3711876,8424,3702598,112,9278
nation,England,E92000001,2021-02-22,10279,3703340,10120,3694174,159,9166
nation,England,E92000001,2021-02-21,7033,3693061,6987,3684054,46,9007
nation,England,E92000001,2021-02-20,7161,3686028,7113,3677067,48,8961
nation,England,E92000001,2021-02-19,9246,3678867,9139,3669954,107,8913
nation,England,E92000001,2021-02-18,10303,3669621,10206,3660815,97,8806
nation,England,E92000001,2021-02-17,10419,3659318,10316,3650609,103,8709
nation,England,E92000001,2021-02-16,11268,3648899,11169,3640293,99,8606
nation,England,E92000001,2021-02-15,12953,3637631,12804,3629124,149,8507
nation,England,E92000001,2021-02-14,7781,3624678,7744,3616320,37,8358
nation,England,E92000001,2021-02-13,8025,3616897,7985,3608576,40,8321
nation,England,E92000001,2021-02-12,10986,3608872,10894,3600591,92,8281
nation,England,E92000001,2021-02-11,11637,3597886,11567,3589697,70,8189
nation,England,E92000001,2021-02-10,12272,3586249,12173,3578130,99,8119
nation,England,E92000001,2021-02-09,12696,3573977,12591,3565957,105,8020
nation,England,E92000001,2021-02-08,14370,3561281,14268,3553366,102,7915
nation,England,E92000001,2021-02-07,10457,3546911,10420,3539098,37,7813
nation,England,E92000001,2021-02-06,10951,3536454,10910,3528678,41,7776
nation,England,E92000001,2021-02-05,14461,3525503,14373,3517768,88,7735
nation,England,E92000001,2021-02-04,16717,3511042,16629,3503395,88,7647
nation,England,E92000001,2021-02-03,17948,3494325,17851,3486766,97,7559
nation,England,E92000001,2021-02-02,18193,3476377,18099,3468915,94,7462
nation,England,E92000001,2021-02-01,20765,3458184,20672,3450816,93,7368
nation,England,E92000001,2021-01-31,14138,3437419,14089,3430144,49,7275
nation,England,E92000001,2021-01-30,15524,3423281,15463,3416055,61,7226
nation,England,E92000001,2021-01-29,20363,3407757,20277,3400592,86,7165
nation,England,E92000001,2021-01-28,22523,3387394,22428,3380315,95,7079
nation,England,E92000001,2021-01-27,23899,3364871,23806,3357887,93,6984
nation,England,E92000001,2021-01-26,25210,3340972,25086,3334081,124,6891
nation,England,E92000001,2021-01-25,27972,3315762,27851,3308995,121,6767
nation,England,E92000001,2021-01-24,15883,3287790,15850,3281144,33,6646
nation,England,E92000001,2021-01-23,20425,3271907,20364,3265294,61,6613
nation,England,E92000001,2021-01-22,27741,3251482,27643,3244930,98,6552
nation,England,E92000001,2021-01-21,29633,3223741,29518,3217287,115,6454
nation,England,E92000001,2021-01-20,32679,3194108,32547,3187769,132,6339
nation,England,E92000001,2021-01-19,37055,3161429,36893,3155222,162,6207
nation,England,E92000001,2021-01-18,41935,3124374,41758,3118329,177,6045
nation,England,E92000001,2021-01-17,26976,3082439,26904,3076571,72,5868
nation,England,E92000001,2021-01-16,28413,3055463,28335,3049667,78,5796
nation,England,E92000001,2021-01-15,37879,3027050,37760,3021332,119,5718
nation,England,E92000001,2021-01-14,39658,2989171,39526,2983572,132,5599
nation,England,E92000001,2021-01-13,42303,2949513,42198,2944046,105,5467
nation,England,E92000001,2021-01-12,45968,2907210,45798,2901848,170,5362
nation,England,E92000001,2021-01-11,53519,2861242,53344,2856050,175,5192
nation,England,E92000001,2021-01-10,33749,2807723,33692,2802706,57,5017
nation,England,E92000001,2021-01-09,36419,2773974,36348,2769014,71,4960
nation,England,E92000001,2021-01-08,43494,2737555,43381,2732666,113,4889
nation,England,E92000001,2021-01-07,48132,2694061,48018,2689285,114,4776
nation,England,E92000001,2021-01-06,52752,2645929,52622,2641267,130,4662
nation,England,E92000001,2021-01-05,59600,2593177,59427,2588645,173,4532
nation,England,E92000001,2021-01-04,70920,2533577,70761,2529218,159,4359
nation,England,E92000001,2021-01-03,50664,2462657,50599,2458457,65,4200
nation,England,E92000001,2021-01-02,55428,2411993,55345,2407858,83,4135
nation,England,E92000001,2021-01-01,28879,2356565,28836,2352513,43,4052
nation,England,E92000001,2020-12-31,47824,2327686,47760,2323677,64,4009
nation,England,E92000001,2020-12-30,64243,2279862,64131,2275917,112,3945
nation,England,E92000001,2020-12-29,74058,2215619,73926,2211786,132,3833
nation,England,E92000001,2020-12-28,40845,2141561,40798,2137860,47,3701
nation,England,E92000001,2020-12-27,43250,2100716,43200,2097062,50,3654
nation,England,E92000001,2020-12-26,37462,2057466,37421,2053862,41,3604
nation,England,E92000001,2020-12-25,12926,2020004,12906,2016441,20,3563
nation,England,E92000001,2020-12-24,29287,2007078,29244,2003535,43,3543
nation,England,E92000001,2020-12-23,38383,1977791,38327,1974291,56,3500
nation,England,E92000001,2020-12-22,41741,1939408,41658,1935964,83,3444
nation,England,E92000001,2020-12-21,43446,1897667,43383,1894306,63,3361
nation,England,E92000001,2020-12-20,29556,1854221,29523,1850923,33,3298
nation,England,E92000001,2020-12-19,22195,1824665,22167,1821400,28,3265
nation,England,E92000001,2020-12-18,32426,1802470,32380,1799233,46,3237
nation,England,E92000001,2020-12-17,30159,1770044,30115,1766853,44,3191
nation,England,E92000001,2020-12-16,30650,1739885,30612,1736738,38,3147
nation,England,E92000001,2020-12-15,29652,1709235,29609,1706126,43,3109
nation,England,E92000001,2020-12-14,30019,1679583,29975,1676517,44,3066
nation,England,E92000001,2020-12-13,18409,1649564,18391,1646542,18,3022
nation,England,E92000001,2020-12-12,16268,1631155,16241,1628151,27,3004
nation,England,E92000001,2020-12-11,20177,1614887,20142,1611910,35,2977
nation,England,E92000001,2020-12-10,18850,1594710,18819,1591768,31,2942
nation,England,E92000001,2020-12-09,17744,1575860,17708,1572949,36,2911
nation,England,E92000001,2020-12-08,16937,1558116,16902,1555241,35,2875
nation,England,E92000001,2020-12-07,17662,1541179,17626,1538339,36,2840
nation,England,E92000001,2020-12-06,11036,1523517,11022,1520713,14,2804
nation,England,E92000001,2020-12-05,10302,1512481,10295,1509691,7,2790
nation,England,E92000001,2020-12-04,13065,1502179,13045,1499396,20,2783
nation,England,E92000001,2020-12-03,12762,1489114,12734,1486351,28,2763
nation,England,E92000001,2020-12-02,13662,1476352,13636,1473617,26,2735
nation,England,E92000001,2020-12-01,13731,1462690,13700,1459981,31,2709
nation,England,E92000001,2020-11-30,15228,1448959,15203,1446281,25,2678
nation,England,E92000001,2020-11-29,9068,1433731,9056,1431078,12,2653
nation,England,E92000001,2020-11-28,9347,1424663,9332,1422022,15,2641
nation,England,E92000001,2020-11-27,12459,1415316,12436,1412690,23,2626
nation,England,E92000001,2020-11-26,12459,1402857,12441,1400254,18,2603
nation,England,E92000001,2020-11-25,14155,1390398,14130,1387813,25,2585
nation,England,E92000001,2020-11-24,14266,1376243,14240,1373683,26,2560
nation,England,E92000001,2020-11-23,16472,1361977,16449,1359443,23,2534
nation,England,E92000001,2020-11-22,10216,1345505,10206,1342994,10,2511
nation,England,E92000001,2020-11-21,10806,1335289,10794,1332788,12,2501
nation,England,E92000001,2020-11-20,14960,1324483,14936,1321994,24,2489
nation,England,E92000001,2020-11-19,15797,1309523,15775,1307058,22,2465
nation,England,E92000001,2020-11-18,18545,1293726,18512,1291283,33,2443
nation,England,E92000001,2020-11-17,20677,1275181,20655,1272771,22,2410
nation,England,E92000001,2020-11-16,24136,1254504,24108,1252116,28,2388
nation,England,E92000001,2020-11-15,14422,1230368,14409,1228008,13,2360
nation,England,E92000001,2020-11-14,16290,1215946,16278,1213599,12,2347
nation,England,E92000001,2020-11-13,22008,1199656,21982,1197321,26,2335
nation,England,E92000001,2020-11-12,22320,1177648,22289,1175339,31,2309
nation,England,E92000001,2020-11-11,25065,1155328,25036,1153050,29,2278
nation,England,E92000001,2020-11-10,24836,1130263,24803,1128014,33,2249
nation,England,E92000001,2020-11-09,28560,1105427,28518,1103211,42,2216
nation,England,E92000001,2020-11-08,18272,1076867,18254,1074693,18,2174
nation,England,E92000001,2020-11-07,16888,1058595,16877,1056439,11,2156
nation,England,E92000001,2020-11-06,21179,1041707,21145,1039562,34,2145
nation,England,E92000001,2020-11-05,21206,1020528,21168,1018417,38,2111
nation,England,E92000001,2020-11-04,21053,999322,21021,997249,32,2073
nation,England,E92000001,2020-11-03,22690,978269,22649,976228,41,2041
nation,England,E92000001,2020-11-02,28394,955579,28356,953579,38,2000
nation,England,E92000001,2020-11-01,13611,927185,13591,925223,20,1962
nation,England,E92000001,2020-10-31,14565,913574,14549,911632,16,1942
nation,England,E92000001,2020-10-30,19899,899009,19871,897083,28,1926
nation,England,E92000001,2020-10-29,20257,879110,20227,877212,30,1898
nation,England,E92000001,2020-10-28,20547,858853,20523,856985,24,1868
nation,England,E92000001,2020-10-27,20762,838306,20741,836462,21,1844
nation,England,E92000001,2020-10-26,23033,817544,23008,815721,25,1823
nation,England,E92000001,2020-10-25,13353,794511,13344,792713,9,1798
nation,England,E92000001,2020-10-24,13713,781158,13696,779369,17,1789
nation,England,E92000001,2020-10-23,18359,767445,18329,765673,30,1772
nation,England,E92000001,2020-10-22,19866,749086,19849,747344,17,1742
nation,England,E92000001,2020-10-21,21762,729220,21735,727495,27,1725
nation,England,E92000001,2020-10-20,21638,707458,21590,705760,48,1698
nation,England,E92000001,2020-10-19,22369,685820,22342,684170,27,1650
nation,England,E92000001,2020-10-18,11982,663451,11966,661828,16,1623
nation,England,E92000001,2020-10-17,12487,651469,12472,649862,15,1607
nation,England,E92000001,2020-10-16,14761,638982,14730,637390,31,1592
nation,England,E92000001,2020-10-15,15428,624221,15393,622660,35,1561
nation,England,E92000001,2020-10-14,16646,608793,16626,607267,20,1526
nation,England,E92000001,2020-10-13,15660,592147,15625,590641,35,1506
nation,England,E92000001,2020-10-12,16420,576487,16395,575016,25,1471
nation,England,E92000001,2020-10-11,9781,560067,9772,558621,9,1446
nation,England,E92000001,2020-10-10,10301,550286,10287,548849,14,1437
nation,England,E92000001,2020-10-09,13159,539985,13131,538562,28,1423
nation,England,E92000001,2020-10-08,15452,526826,15434,525431,18,1395
nation,England,E92000001,2020-10-07,15418,511374,15387,509997,31,1377
nation,England,E92000001,2020-10-06,14458,495956,14430,494610,28,1346
nation,England,E92000001,2020-10-05,14218,481498,14184,480180,34,1318
nation,England,E92000001,2020-10-04,9966,467280,9957,465996,9,1284
nation,England,E92000001,2020-10-03,9820,457314,9810,456039,10,1275
nation,England,E92000001,2020-10-02,11719,447494,11692,446229,27,1265
nation,England,E92000001,2020-10-01,11444,435775,11416,434537,28,1238
nation,England,E92000001,2020-09-30,10663,424331,10632,423121,31,1210
nation,England,E92000001,2020-09-29,8832,413668,8797,412489,35,1179
nation,England,E92000001,2020-09-28,8641,404836,8625,403692,16,1144
nation,England,E92000001,2020-09-27,6084,396195,6075,395067,9,1128
nation,England,E92000001,2020-09-26,5704,390111,5699,388992,5,1119
nation,England,E92000001,2020-09-25,6105,384407,6090,383293,15,1114
nation,England,E92000001,2020-09-24,6361,378302,6340,377203,21,1099
nation,England,E92000001,2020-09-23,5933,371941,5913,370863,20,1078
nation,England,E92000001,2020-09-22,5400,366008,5379,364950,21,1058
nation,England,E92000001,2020-09-21,4727,360608,4715,359571,12,1037
nation,England,E92000001,2020-09-20,4652,355881,4645,354856,7,1025
nation,England,E92000001,2020-09-19,4215,351229,4210,350211,5,1018
nation,England,E92000001,2020-09-18,4290,347014,4266,346001,24,1013
nation,England,E92000001,2020-09-17,3979,342724,3959,341735,20,989
nation,England,E92000001,2020-09-16,3778,338745,3753,337776,25,969
nation,England,E92000001,2020-09-15,3057,334967,3032,334023,25,944
nation,England,E92000001,2020-09-14,2941,331910,2915,330991,26,919
nation,England,E92000001,2020-09-13,1722,328969,1719,328076,3,893
nation,England,E92000001,2020-09-12,2224,327247,2215,326357,9,890
nation,England,E92000001,2020-09-11,2893,325023,2868,324142,25,881
nation,England,E92000001,2020-09-10,3143,322130,3123,321274,20,856
nation,England,E92000001,2020-09-09,2893,318987,2873,318151,20,836
nation,England,E92000001,2020-09-08,3071,316094,3035,315278,36,816
nation,England,E92000001,2020-09-07,3530,313023,3482,312243,48,780
nation,England,E92000001,2020-09-06,2079,309493,2069,308761,10,732
nation,England,E92000001,2020-09-05,2200,307414,2195,306692,5,722
nation,England,E92000001,2020-09-04,2637,305214,2605,304497,32,717
nation,England,E92000001,2020-09-03,2716,302577,2671,301892,45,685
nation,England,E92000001,2020-09-02,2696,299861,2643,299221,53,640
nation,England,E92000001,2020-09-01,1962,297165,1941,296578,21,587
nation,England,E92000001,2020-08-31,1279,295203,1272,294637,7,566
nation,England,E92000001,2020-08-30,987,293924,983,293365,4,559
nation,England,E92000001,2020-08-29,1051,292937,1047,292382,4,555
nation,England,E92000001,2020-08-28,1395,291886,1386,291335,9,551
nation,England,E92000001,2020-08-27,1356,290491,1330,289949,26,542
nation,England,E92000001,2020-08-26,1181,289135,1156,288619,25,516
nation,England,E92000001,2020-08-25,1085,287954,1069,287463,16,491
nation,England,E92000001,2020-08-24,1156,286869,1145,286394,11,475
nation,England,E92000001,2020-08-23,704,285713,701,285249,3,464
nation,England,E92000001,2020-08-22,732,285009,727,284548,5,461
nation,England,E92000001,2020-08-21,1031,284277,1014,283821,17,456
nation,England,E92000001,2020-08-20,1254,283246,1231,282807,23,439
nation,England,E92000001,2020-08-19,1109,281992,1086,281576,23,416
nation,England,E92000001,2020-08-18,955,280883,939,280490,16,393
nation,England,E92000001,2020-08-17,1159,279928,1150,279551,9,377
nation,England,E92000001,2020-08-16,534,278769,529,278401,5,368
nation,England,E92000001,2020-08-15,656,278235,655,277872,1,363
nation,England,E92000001,2020-08-14,1059,277579,1040,277217,19,362
nation,England,E92000001,2020-08-13,1036,276520,1030,276177,6,343
nation,England,E92000001,2020-08-12,1126,275484,1107,275147,19,337
nation,England,E92000001,2020-08-11,1247,274358,1221,274040,26,318
nation,England,E92000001,2020-08-10,1375,273111,1361,272819,14,292
nation,England,E92000001,2020-08-09,569,271736,565,271458,4,278
nation,England,E92000001,2020-08-08,648,271167,642,270893,6,274
nation,England,E92000001,2020-08-07,892,270519,881,270251,11,268
nation,England,E92000001,2020-08-06,1005,269627,991,269370,14,257
nation,England,E92000001,2020-08-05,973,268622,951,268379,22,243
nation,England,E92000001,2020-08-04,965,267649,938,267428,27,221
nation,England,E92000001,2020-08-03,963,266684,947,266490,16,194
nation,England,E92000001,2020-08-02,518,265721,514,265543,4,178
nation,England,E92000001,2020-08-01,508,265203,503,265029,5,174
nation,England,E92000001,2020-07-31,644,264695,635,264526,9,169
nation,England,E92000001,2020-07-30,879,264051,864,263891,15,160
nation,England,E92000001,2020-07-29,994,263172,979,263027,15,145
nation,England,E92000001,2020-07-28,796,262178,783,262048,13,130
nation,England,E92000001,2020-07-27,824,261382,814,261265,10,117
nation,England,E92000001,2020-07-26,518,260558,517,260451,1,107
nation,England,E92000001,2020-07-25,499,260040,496,259934,3,106
nation,England,E92000001,2020-07-24,720,259541,712,259438,8,103
nation,England,E92000001,2020-07-23,741,258821,736,258726,5,95
nation,England,E92000001,2020-07-22,764,258080,756,257990,8,90
nation,England,E92000001,2020-07-21,697,257316,691,257234,6,82
nation,England,E92000001,2020-07-20,769,256619,759,256543,10,76
nation,England,E92000001,2020-07-19,419,255850,414,255784,5,66
nation,England,E92000001,2020-07-18,473,255431,471,255370,2,61
nation,England,E92000001,2020-07-17,548,254958,547,254899,1,59
nation,England,E92000001,2020-07-16,644,254410,639,254352,5,58
nation,England,E92000001,2020-07-15,726,253766,722,253713,4,53
nation,England,E92000001,2020-07-14,661,253040,657,252991,4,49
nation,England,E92000001,2020-07-13,694,252379,694,252334,0,45
nation,England,E92000001,2020-07-12,351,251685,351,251640,0,45
nation,England,E92000001,2020-07-11,432,251334,428,251289,4,45
nation,England,E92000001,2020-07-10,524,250902,521,250861,3,41
nation,England,E92000001,2020-07-09,688,250378,682,250340,6,38
nation,England,E92000001,2020-07-08,682,249690,676,249658,6,32
nation,England,E92000001,2020-07-07,565,249008,562,248982,3,26
nation,England,E92000001,2020-07-06,664,248443,660,248420,4,23
nation,England,E92000001,2020-07-05,544,247779,543,247760,1,19
nation,England,E92000001,2020-07-04,385,247235,385,247217,0,18
nation,England,E92000001,2020-07-03,536,246850,535,246832,1,18
nation,England,E92000001,2020-07-02,561,246314,557,246297,4,17
nation,England,E92000001,2020-07-01,607,245753,604,245740,3,13
nation,England,E92000001,2020-06-30,578,245146,577,245136,1,10
nation,England,E92000001,2020-06-29,666,244568,664,244559,2,9
nation,England,E92000001,2020-06-28,413,243902,412,243895,1,7
nation,England,E92000001,2020-06-27,506,243489,504,243483,2,6
nation,England,E92000001,2020-06-26,640,242983,639,242979,1,4
nation,England,E92000001,2020-06-25,643,242343,643,242340,0,3
nation,England,E92000001,2020-06-24,732,241700,731,241697,1,3
nation,England,E92000001,2020-06-23,727,240968,726,240966,1,2
nation,England,E92000001,2020-06-22,821,240241,821,240240,0,1
nation,England,E92000001,2020-06-21,550,239420,550,239419,0,1
nation,England,E92000001,2020-06-20,626,238870,626,238869,0,1
nation,England,E92000001,2020-06-19,818,238244,817,238243,1,1
nation,England,E92000001,2020-06-18,938,237426,938,237426,,
nation,England,E92000001,2020-06-17,914,236488,914,236488,,
nation,England,E92000001,2020-06-16,996,235574,996,235574,,
nation,England,E92000001,2020-06-15,944,234578,944,234578,,
nation,England,E92000001,2020-06-14,752,233634,752,233634,,
nation,England,E92000001,2020-06-13,785,232882,785,232882,,
nation,England,E92000001,2020-06-12,938,232097,938,232097,,
nation,England,E92000001,2020-06-11,915,231159,915,231159,,
nation,England,E92000001,2020-06-10,1086,230244,1086,230244,,
nation,England,E92000001,2020-06-09,1066,229158,1066,229158,,
nation,England,E92000001,2020-06-08,990,228092,990,228092,,
nation,England,E92000001,2020-06-07,668,227102,668,227102,,
nation,England,E92000001,2020-06-06,723,226434,723,226434,,
nation,England,E92000001,2020-06-05,1020,225711,1020,225711,,
nation,England,E92000001,2020-06-04,1147,224691,1147,224691,,
nation,England,E92000001,2020-06-03,1251,223544,1251,223544,,
nation,England,E92000001,2020-06-02,1365,222293,1365,222293,,
nation,England,E92000001,2020-06-01,1319,220928,1319,220928,,
nation,England,E92000001,2020-05-31,984,219609,984,219609,,
nation,England,E92000001,2020-05-30,1010,218625,1010,218625,,
nation,England,E92000001,2020-05-29,1374,217615,1374,217615,,
nation,England,E92000001,2020-05-28,1575,216241,1575,216241,,
nation,England,E92000001,2020-05-27,1616,214666,1616,214666,,
nation,England,E92000001,2020-05-26,1461,213050,1461,213050,,
nation,England,E92000001,2020-05-25,1389,211589,1389,211589,,
nation,England,E92000001,2020-05-24,1206,210200,1206,210200,,
nation,England,E92000001,2020-05-23,1309,208994,1309,208994,,
nation,England,E92000001,2020-05-22,1798,207685,1798,207685,,
nation,England,E92000001,2020-05-21,2277,205887,2277,205887,,
nation,England,E92000001,2020-05-20,2359,203610,2359,203610,,
nation,England,E92000001,2020-05-19,2602,201251,2602,201251,,
nation,England,E92000001,2020-05-18,2226,198649,2226,198649,,
nation,England,E92000001,2020-05-17,1593,196423,1593,196423,,
nation,England,E92000001,2020-05-16,1781,194830,1781,194830,,
nation,England,E92000001,2020-05-15,2145,193049,2145,193049,,
nation,England,E92000001,2020-05-14,2222,190904,2222,190904,,
nation,England,E92000001,2020-05-13,2899,188682,2899,188682,,
nation,England,E92000001,2020-05-12,2940,185783,2940,185783,,
nation,England,E92000001,2020-05-11,3088,182843,3088,182843,,
nation,England,E92000001,2020-05-10,2013,179755,2013,179755,,
nation,England,E92000001,2020-05-09,1797,177742,1797,177742,,
nation,England,E92000001,2020-05-08,2622,175945,2622,175945,,
nation,England,E92000001,2020-05-07,3205,173323,3205,173323,,
nation,England,E92000001,2020-05-06,3264,170118,3264,170118,,
nation,England,E92000001,2020-05-05,3148,166854,3148,166854,,
nation,England,E92000001,2020-05-04,2851,163706,2851,163706,,
nation,England,E92000001,2020-05-03,2648,160855,2648,160855,,
nation,England,E92000001,2020-05-02,2762,158207,2762,158207,,
nation,England,E92000001,2020-05-01,4109,155445,4109,155445,,
nation,England,E92000001,2020-04-30,4314,151336,4314,151336,,
nation,England,E92000001,2020-04-29,4737,147022,4737,147022,,
nation,England,E92000001,2020-04-28,4113,142285,4113,142285,,
nation,England,E92000001,2020-04-27,4056,138172,4056,138172,,
nation,England,E92000001,2020-04-26,3137,134116,3137,134116,,
nation,England,E92000001,2020-04-25,3381,130979,3381,130979,,
nation,England,E92000001,2020-04-24,4352,127598,4352,127598,,
nation,England,E92000001,2020-04-23,4574,123246,4574,123246,,
nation,England,E92000001,2020-04-22,4812,118672,4812,118672,,
nation,England,E92000001,2020-04-21,3996,113860,3996,113860,,
nation,England,E92000001,2020-04-20,3698,109864,3698,109864,,
nation,England,E92000001,2020-04-19,3494,106166,3494,106166,,
nation,England,E92000001,2020-04-18,4142,102672,4142,102672,,
nation,England,E92000001,2020-04-17,4088,98530,4088,98530,,
nation,England,E92000001,2020-04-16,4360,94442,4360,94442,,
nation,England,E92000001,2020-04-15,4240,90082,4240,90082,,
nation,England,E92000001,2020-04-14,3568,85842,3568,85842,,
nation,England,E92000001,2020-04-13,3463,82274,3463,82274,,
nation,England,E92000001,2020-04-12,2958,78811,2958,78811,,
nation,England,E92000001,2020-04-11,3085,75853,3085,75853,,
nation,England,E92000001,2020-04-10,3590,72768,3590,72768,,
nation,England,E92000001,2020-04-09,4076,69178,4076,69178,,
nation,England,E92000001,2020-04-08,4315,65102,4315,65102,,
nation,England,E92000001,2020-04-07,4605,60787,4605,60787,,
nation,England,E92000001,2020-04-06,4407,56182,4407,56182,,
nation,England,E92000001,2020-04-05,3094,51775,3094,51775,,
nation,England,E92000001,2020-04-04,3405,48681,3405,48681,,
nation,England,E92000001,2020-04-03,4102,45276,4102,45276,,
nation,England,E92000001,2020-04-02,4097,41174,4097,41174,,
nation,England,E92000001,2020-04-01,4150,37077,4150,37077,,
nation,England,E92000001,2020-03-31,3816,32927,3816,32927,,
nation,England,E92000001,2020-03-30,3514,29111,3514,29111,,
nation,England,E92000001,2020-03-29,2449,25597,2449,25597,,
nation,England,E92000001,2020-03-28,2379,23148,2379,23148,,
nation,England,E92000001,2020-03-27,2673,20769,2673,20769,,
nation,England,E92000001,2020-03-26,2633,18096,2633,18096,,
nation,England,E92000001,2020-03-25,2284,15463,2284,15463,,
nation,England,E92000001,2020-03-24,2041,13179,2041,13179,,
nation,England,E92000001,2020-03-23,2010,11138,2010,11138,,
nation,England,E92000001,2020-03-22,1212,9128,1212,9128,,
nation,England,E92000001,2020-03-21,1040,7916,1040,7916,,
nation,England,E92000001,2020-03-20,1096,6876,1096,6876,,
nation,England,E92000001,2020-03-19,932,5780,932,5780,,
nation,England,E92000001,2020-03-18,910,4848,910,4848,,
nation,England,E92000001,2020-03-17,683,3938,683,3938,,
nation,England,E92000001,2020-03-16,552,3255,552,3255,,
nation,England,E92000001,2020-03-15,398,2703,398,2703,,
nation,England,E92000001,2020-03-14,315,2305,315,2305,,
nation,England,E92000001,2020-03-13,401,1990,401,1990,,
nation,England,E92000001,2020-03-12,421,1589,421,1589,,
nation,England,E92000001,2020-03-11,358,1168,358,1168,,
nation,England,E92000001,2020-03-10,229,810,229,810,,
nation,England,E92000001,2020-03-09,127,581,127,581,,
nation,England,E92000001,2020-03-08,50,454,50,454,,
nation,England,E92000001,2020-03-07,55,404,55,404,,
nation,England,E92000001,2020-03-06,74,349,74,349,,
nation,England,E92000001,2020-03-05,46,275,46,275,,
nation,England,E92000001,2020-03-04,49,229,49,229,,
nation,England,E92000001,2020-03-03,53,180,53,180,,
nation,England,E92000001,2020-03-02,40,127,40,127,,
nation,England,E92000001,2020-03-01,18,87,18,87,,
nation,England,E92000001,2020-02-29,4,69,4,69,,
nation,England,E92000001,2020-02-28,11,65,11,65,,
nation,England,E92000001,2020-02-27,7,54,7,54,,
nation,England,E92000001,2020-02-26,1,47,1,47,,
nation,England,E92000001,2020-02-25,3,46,3,46,,
nation,England,E92000001,2020-02-24,2,43,2,43,,
nation,England,E92000001,2020-02-23,6,41,6,41,,
nation,England,E92000001,2020-02-22,0,35,0,35,,
nation,England,E92000001,2020-02-21,2,35,2,35,,
nation,England,E92000001,2020-02-20,0,33,0,33,,
nation,England,E92000001,2020-02-19,0,33,0,33,,
nation,England,E92000001,2020-02-18,0,33,0,33,,
nation,England,E92000001,2020-02-17,1,33,1,33,,
nation,England,E92000001,2020-02-16,0,32,0,32,,
nation,England,E92000001,2020-02-15,0,32,0,32,,
nation,England,E92000001,2020-02-14,0,32,0,32,,
nation,England,E92000001,2020-02-13,1,32,1,32,,
nation,England,E92000001,2020-02-12,1,31,1,31,,
nation,England,E92000001,2020-02-11,4,30,4,30,,
nation,England,E92000001,2020-02-10,1,26,1,26,,
nation,England,E92000001,2020-02-09,1,25,1,25,,
nation,England,E92000001,2020-02-08,3,24,3,24,,
nation,England,E92000001,2020-02-07,0,21,0,21,,
nation,England,E92000001,2020-02-06,0,21,0,21,,
nation,England,E92000001,2020-02-05,1,21,1,21,,
nation,England,E92000001,2020-02-04,0,20,0,20,,
nation,England,E92000001,2020-02-03,18,20,18,20,,
nation,England,E92000001,2020-02-02,1,2,1,2,,
nation,England,E92000001,2020-02-01,0,1,0,1,,
nation,England,E92000001,2020-01-31,0,1,0,1,,
nation,England,E92000001,2020-01-30,1,1,1,1,,
